Proj: 1
Zone: 32
North: 5582000.00000000000000000000000000000000000000000000000000
South: 5580000.00000000000000000000000000000000000000000000000000
East: 402000.00000000000000000000000000000000000000000000000000
West: 400000.00000000000000000000000000000000000000000000000000
Top: 300.00000000000000000000000000000000000000000000000000
Bottom: 100.00000000000000000000000000000000000000000000000000
nofRows: 100
nofCols: 100
nofDepths: 5
n-s resol: 20.00000000000000000000000000000000000000000000000000
e-w resol: 20.00000000000000000000000000000000000000000000000000
t-b resol: 40.00000000000000000000000000000000000000000000000000
TileDimensionX: 8
TileDimensionY: 8
TileDimensionZ: 8
CellType: double
useCompression: 1
useRle: 1
useLzw: 0
Precision: -1
nofHeaderBytes: 12
useXdr: 1
hasIndex: 1
Units: none
