proj:       1
zone:       32
north:      5582037.46843828
south:      5579959.63874555
east:       402040.01602585
west:       399962.18633312
cols:       102
rows:       102
e-w resol:  20.37087934
n-s resol:  20.37087934
format:     0
compressed: 1
