ExternalData/elevation_map.ascii
north: 5582000
south: 5580000
east: 402000
west: 400000
rows: 100
cols: 100
[rows 72 to 89 of 100, columns 0 to 40 of 100]
272.8093687034451023 273.0695093160312581 273.4986700960049575 274.090293534000125 274.8353042694009218 275.7222129606974477 276.737248015154762 277.8645138381897368 279.0861739913763131 280.3826573918871645 281.732885447876356 283.1145178061107117 284.5042141921738903 285.8779096517001221 287.211100355033409 288.4791370088927351 289.6575228282571288 290.7222129606974477 291.6499122244405839 292.418368020941557 293.0066553127678617 293.3954506179874215 293.567292062540389 293.5068226515239758 293.2010140679221877 292.6393684817908252 291.8140960527342145 290.7202660319205165 289.3559296148777662 287.7222129606974477 285.8233790746591012 283.6668575471188092 281.2632414490806241 278.6262510013730207 275.7726639568654718 272.7222129606974477 269.4974504790340575 266.1235822093540264 262.6282702016991379 259.0414072276706747 255.3948642293287321
272.9629294656510865 273.2230700782372423 273.6522308582109417 274.2438542962061092 274.9888650316069061 275.8757737229034319 276.8908087773607463 278.0180746003957211 279.2397347535822973 280.5362181540931488 281.8864462100823403 283.268078568316696 284.6577749543798745 286.0314704139061064 287.3646611172393932 288.6326977710987194 289.8110835904631131 290.8757737229034319 291.8034729866465682 292.5719287831475413 293.1602160749738459 293.5490113801934058 293.7208528247463732 293.66038341372996 293.3545748301281719 292.7929292439968094 291.9676568149401987 290.8738267941265008 289.5094903770837504 287.8757737229034319 285.9769398368650855 283.8204183093247934 281.4168022112866083 278.7798117635790049 275.9262247190714561 272.8757737229034319 269.6510112412400417 266.2771429715600107 262.7818309639051222 259.194967989876659 255.5484249915347164
272.5315927144278021 272.7917333270140148 273.2208941069877142 273.8125175449828248 274.5575282803836217 275.4444369716801475 276.4594720261374619 277.5867378491724367 278.8083980023590698 280.1048814028699212 281.4551094588590558 282.8367418170934116 284.2264382031565901 285.6001336626828788 286.9333243660161656 288.201361019875435 289.3797468392398287 290.4444369716801475 291.3721362354232838 292.1405920319242568 292.7288793237505615 293.1176746289701214 293.2895160735230888 293.2290466625066756 292.9232380789049444 292.361592492773525 291.5363200637169143 290.4424900429032732 289.078153625860466 287.4444369716801475 285.545603085641801 283.3890815581015659 280.9854654600633239 278.3484750123557774 275.4948879678481717 272.4444369716801475 269.2196744900168142 265.8458062203367831 262.3504942126818378 258.7636312386533746 255.1170882403114604
271.5037949224766862 271.7639355350628989 272.1930963150365983 272.7847197530317089 273.5297304884325058 274.4166391797290316 275.431674234186346 276.5589400572213208 277.7806002104079539 279.0770836109188053 280.42731166690794 281.8089440251422957 283.1986404112054743 284.572335870731763 285.9055265740650498 287.173563227924376 288.3519490472887128 289.4166391797290316 290.3443384434722248 291.1127942399731978 291.7010815317994457 292.0898768370190055 292.261718281571973 292.2012488705555597 291.8954402869538285 291.333794700822466 290.5085222717657985 289.4146922509521573 288.0503558339093502 286.4166391797290316 284.5178052936906852 282.36128376615045 279.957667668112208 277.3206772204046615 274.4670901758970558 271.4166391797290316 268.1918766980656983 264.8180084283856672 261.3226964207307219 257.7358334467022587 254.0892904483603729
269.8728553445697003 270.1329959571559129 270.5621567371296123 271.153780175124723 271.8987909105255767 272.7856996018220457 273.80073465627936 274.9280004793143917 276.1496606325009679 277.4461440330118194 278.796372089000954 280.1780044472353097 281.5677008332984883 282.941396292824777 284.2745869961580638 285.54262365001739 286.7210094693817268 287.7856996018220457 288.7133988655651819 289.4818546620662119 290.0701419538925165 290.4589372591120195 290.630778703664987 290.5703092926485738 290.2645007090468425 289.70285512291548 288.8775826938588125 287.7837526730451145 286.4194162560023642 284.7856996018220457 282.8868657157837561 280.730344188243464 278.3267280902052221 275.6897376424976756 272.8361505979900699 269.7856996018220457 266.5609371201587123 263.1870688504786813 259.691756842823736 256.1048938687953296 252.458350870453387
267.6371372379338709 267.8972778505200836 268.326438630493783 268.9180620684888936 269.6630728038896905 270.5499814951862163 271.5650165496435307 272.6922823726785055 273.9139425258651386 275.21042592637599 276.5606539823651246 277.9422863405994804 279.3319827266626589 280.7056781861889476 282.0388688895222344 283.3069055433815606 284.4852913627458975 285.5499814951862163 286.4776807589294094 287.2461365554303825 287.8344238472566303 288.2232191524761902 288.3950605970291576 288.3345911860127444 288.0287826024110132 287.4671370162796507 286.6418645872229831 285.548034566409342 284.1836981493665348 282.5499814951862163 280.6511476091478698 278.4946260816076347 276.0910099835693927 273.4540195358618462 270.6004324913542405 267.5499814951862163 264.325219013522883 260.9513507438428519 257.4560387361879066 253.8691757621594718 250.2226327638175576
264.8001672415780376 265.0603078541641935 265.4894686341378929 266.0810920721330604 266.8261028075338572 267.7130114988303831 268.7280465532876974 269.8553123763226722 271.0769725295092485 272.3734559300200999 273.7236839860092914 275.1053163442436471 276.4950127303068257 277.8687081898330575 279.2018988931663444 280.4699355470256705 281.6483213663900642 282.7130114988303831 283.6407107625735193 284.4091665590744924 284.9974538509007971 285.3862491561203569 285.5580906006733244 285.4976211896569112 285.1918126060551231 284.6301670199237606 283.8048945908671499 282.7110645700534519 281.3467281530107016 279.7130114988303831 277.8141776127920366 275.6576560852517446 273.2540399872135595 270.6170495395059561 267.7634624949984072 264.7130114988303831 261.4882490171669929 258.1143807474870187 254.6190687398320449 251.0322057658036101 247.3856627674616675
261.370711192265901 261.6308518048521137 262.0600125848258131 262.6516360228209237 263.3966467582217206 264.2835554495182464 265.2985905039755608 266.4258563270105924 267.6475164801971687 268.9439998807080201 270.2942279366971547 271.6758602949315105 273.065556680994689 274.4392521405209777 275.7724428438542645 277.0404794977135907 278.2188653170779276 279.2835554495182464 280.2112547132613827 280.9797105097624126 281.5679978015887173 281.9567931068082203 282.1286345513611877 282.0681651403447745 281.7623565567430433 281.2007109706116808 280.3754385415550132 279.2816085207413153 277.9172721036985649 276.2835554495182464 274.3847215634799568 272.2282000359396648 269.8245839379014228 267.1875934901938763 264.3340064456862706 261.2835554495182464 258.0587929678549131 254.684924698174882 251.1896126905199367 247.6027497164915019 243.9562067181495877
257.3628050188580119 257.6229456314442245 258.0521064114179239 258.6437298494130346 259.3887405848138314 260.2756492761103573 261.2906843305676716 262.4179501536026464 263.6396103067892795 264.936093707300131 266.2863217632892656 267.6679541215236213 269.0576505075867999 270.4313459671130886 271.7645366704463754 273.0325733243057016 274.2109591436700384 275.2756492761103573 276.2033485398535504 276.9718043363545235 277.5600916281807713 277.9488869334003311 278.1207283779532986 278.0602589669368854 277.7544503833351541 277.1928047972037916 276.3675323681471809 275.273702347333483 273.9093659302907326 272.2756492761103573 270.3768153900720677 268.2202938625317756 265.8166777644935337 263.1796873167859872 260.3261002722783815 257.2756492761103573 254.0508867944470239 250.6770185247669929 247.1817065171120475 243.5948435430836128 239.9483005447416986
252.7957397370439026 253.0558803496301152 253.4850411296038146 254.0766645675989253 254.8216753029997506 255.708583994296248 256.7236190487535623 257.850884871788594 259.0725450249751702 260.3690284254860217 261.7192564814751563 263.100888839709512 264.4905852257726906 265.8642806852989793 267.1974713886322661 268.4655080424915923 269.6438938618559291 270.708583994296248 271.6362832580393842 272.4047390545404141 272.9930263463667188 273.3818216515862218 273.5536630961391893 273.4931936851227761 273.1873851015210448 272.6257395153896823 271.8004670863330148 270.7066370655193168 269.3423006484765665 267.708583994296248 265.8097501082579583 263.6532285807176663 261.2496124826794244 258.6126220349718778 255.7590349904642721 252.708583994296248 249.4838215126329146 246.1099532429528836 242.6146412352979382 239.0277782612695034 235.3812352629275892
247.6939999598845361 247.9541405724707204 248.3833013524444198 248.9749247904395304 249.7199355258403557 250.6068442171368531 251.6218792715941959 252.7491450946291707 253.9708052478158038 255.2672886483266552 256.6175167043157899 257.9991490625501456 259.3888454486133242 260.762540908139556 262.0957316114728997 263.363768265332169 264.5421540846965627 265.6068442171368815 266.5345434808800178 267.3029992773809909 267.8912865692072955 268.2800818744268554 268.4519233189798229 268.3914539079634096 268.0856453243616215 267.523999738230259 266.6987273091736483 265.6048972883599504 264.2405608713172001 262.6068442171368815 260.7080103310985351 258.551488803558243 256.1478727055200579 253.510882257812483 250.6572952133049057 247.6068442171368815 244.3820817354735198 241.0082134657935171 237.5129014581385434 233.9260384841101086 230.2794954857681944
242.0871557427476546 242.3472963553338388 242.7764571353075382 243.3680805733026489 244.1130913087034742 244.9999999999999716 246.0150350544573143 247.1423008774922891 248.3639610306789223 249.6604444311897737 251.0106724871788799 252.3923048454132356 253.7820012314764426 255.1556966910027029 256.4888873943360181 257.7569240481952875 258.9353098675596812 260 260.9276992637431363 261.6961550602441093 262.284442352070414 262.6732376572899739 262.8450791018429413 262.7846096908265281 262.47880110722474 261.9171555210933775 261.0918830920367668 259.9980530712230689 258.6337166541803185 257 255.1011661139616535 252.9446445864213899 250.5410284883831764 247.9040380406756015 245.0504509961680242 242 238.7752375183366382 235.4013692486566356 231.9060572410016619 228.3191942669732271 224.6726512686313129
236.0097079907071134 236.2698486032932976 236.699009383266997 237.2906328212621077 238.035643556662933 238.9225522479594304 239.9375873024167731 241.0648531254517479 242.2865132786383811 243.5829966791492325 244.9332247351383387 246.3148570933726944 247.7045534794359014 249.0782489389621617 250.4114396422954769 251.6794762961547747 252.8578621155191115 253.9225522479594304 254.8502515117025951 255.6187073082035965 256.2069946000298728 256.5957899052494326 256.7676313498024001 256.7071619387859869 256.4013533551842556 255.8397077690528647 255.0144353399962256 253.9206053191825276 252.5562689021397773 250.9225522479594304 249.0237183619211123 246.8671968343808487 244.4635807363426352 241.8265902886350602 238.973003244127483 235.9225522479594588 232.697789766296097 229.3239214966160944 225.8286094889611206 222.2417465149326858 218.5952035165907716
229.5008880687551596 229.7610286813413722 230.1901894613150716 230.7818128993101823 231.5268236347110076 232.413732326007505 233.4287673804648193 234.5560332034998225 235.7776933566864273 237.0741767571972787 238.4244048131864133 239.806037171420769 241.1957335574839476 242.5694290170102363 243.9026197203435231 245.1706563742028493 246.3490421935671861 247.413732326007505 248.3414315897506697 249.1098873862516712 249.6981746780779474 250.0869699832974788 250.2588114278504463 250.1983420168340331 249.8925334332323018 249.3308878471009393 248.5056154180442718 247.4117853972306023 246.0474489801878235 244.413732326007505 242.5148984399691869 240.3583769124289233 237.9547608143906814 235.3177703666831349 232.4641833221755292 229.413732326007505 226.1889698443441716 222.8151015746641406 219.3197895670091953 215.7329265929807605 212.0863835946388463
222.604412666666974 222.8645532792531583 223.2937140592268577 223.8853374972219683 224.6303482326227936 225.5172569239193194 226.5322919783766338 227.6595578014116086 228.8812179545982417 230.1777013551090931 231.5279294110982278 232.9095617693325835 234.2992581553957621 235.6729536149220223 237.0061443182553376 238.2741809721146353 239.4525667914789722 240.5172569239193194 241.4449561876624557 242.2134119841634572 242.8016992759897335 243.1904945812092933 243.3623360257622608 243.3018666147458475 242.9960580311441163 242.4344124450127254 241.6091400159560862 240.5153099951424167 239.150973578099638 237.5172569239193194 235.618423037880973 233.4619015103407094 231.0582854123024958 228.4212949645949493 225.5677079200873436 222.5172569239193194 219.2924944422559577 215.918626172575955 212.4233141649209813 208.8364511908925465 205.1899081925506323
215.3681953774375302 215.6283359900237429 216.0574967699974422 216.6491202079925529 217.3941309433933782 218.2810396346898756 219.2960746891471899 220.4233405121821932 221.6450006653687979 222.9414840658796493 224.2917121218687839 225.6733444801031396 227.0630408661663182 228.4367363256926069 229.7699270290258937 231.0379636828852199 232.2163495022495567 233.2810396346898756 234.2087388984330403 234.9771946949340418 235.565481986760318 235.9542772919798495 236.1261187365328169 236.0656493255164037 235.7598407419146724 235.1981951557833099 234.3729227267266708 233.2790927059130013 231.9147562888702225 230.2810396346898756 228.3822057486515575 226.2256842211112939 223.8220681230730804 221.1850776753655055 218.3314906308578998 215.2810396346898756 212.0562771530265422 208.6824088833465112 205.1870968756915659 201.6002339016631311 197.9536909033212169
207.8440168472892537 208.1041574598754664 208.5333182398491658 209.1249416778442765 209.8699524132451018 210.7568611045415992 211.7718961589989135 212.8991619820339167 214.1208221352205214 215.4173055357313729 216.7675335917205075 218.1491659499548632 219.5388623360180418 220.9125577955443021 222.2457484988776173 223.5137851527369151 224.6921709721012803 225.7568611045415992 226.6845603682847639 227.4530161647857653 228.0413034566120416 228.430098761831573 228.6019402063845405 228.5414707953681273 228.235662211766396 227.6740166256350335 226.848744196578366 225.7549141757646964 224.3905777587219177 222.7568611045415992 220.8580272185032811 218.7015056909629891 216.2978895929247756 213.660899145217229 210.8073121007096233 207.7568611045415992 204.5320986228782658 201.1582303531982348 197.6629183455432894 194.0760553715148546 190.4295123731729404
200.087155742747683 200.3472963553338957 200.7764571353075951 201.3680805733027057 202.113091308703531 203.0000000000000284 204.0150350544573428 205.142300877492346 206.3639610306789507 207.6604444311898021 209.0106724871789368 210.3923048454132925 211.782001231476471 213.1556966910027313 214.4888873943360466 215.7569240481953443 216.9353098675597096 218.0000000000000284 218.9276992637431931 219.6961550602441946 220.2844423520704709 220.6732376572900023 220.8450791018429697 220.7846096908265565 220.4788011072248253 219.9171555210934628 219.0918830920368237 217.9980530712231257 216.6337166541803754 215.0000000000000284 213.1011661139617104 210.9446445864214184 208.5410284883832333 205.9040380406756583 203.0504509961680526 200.0000000000000284 196.7752375183366951 193.401369248656664 189.9060572410017187 186.3191942669732839 182.6726512686313697
