ExternalData/elevation_map.ascii
north: 5582000
south: 5580000
east: 402000
west: 400000
rows: 100
cols: 100
[rows 54 to 71 of 100, columns 0 to 40 of 100]
204.8807215938688557 205.14086220645504 205.5700229864287394 206.16164642442385 206.9066571598246753 207.7935658511211727 208.8086009055785155 209.9358667286134903 211.1575268818001234 212.4540102823109748 213.8042383383000811 215.1858706965344368 216.5755670825976438 217.949262542123904 219.2824532454572193 220.550489899316517 221.7288757186808539 222.7935658511211727 223.7212651148643374 224.4897209113653389 225.0780082031916152 225.466803508411175 225.6386449529641425 225.5781755419477008 225.2723669583459696 224.7107213722146071 223.885448943157968 222.7916189223442984 221.4272825053015197 219.7935658511211727 217.8947319650828831 215.7382104375425911 213.3345943395043776 210.6976038917968026 207.8440168472892253 204.7935658511212011 201.5688033694578394 198.1949350997778367 194.699623092122863 191.1127601180944282 187.466217119752514
209.8114536920957391 210.0715943046819234 210.5007550846556512 211.0923785226507619 211.8373892580515871 212.7242979493480846 213.7393330038053989 214.8665988268404021 216.0882589800270068 217.3847423805378583 218.7349704365269929 220.1166027947613486 221.5062991808245272 222.8799946403507874 224.2131853436841027 225.4812219975434004 226.6596078169077373 227.7242979493480846 228.6519972130912493 229.4204530095922223 230.008740301418527 230.3975356066380584 230.5693770511910259 230.5089076401746127 230.2030990565728814 229.6414534704414905 228.8161810413848514 227.7223510205711818 226.3580146035284031 224.7242979493480846 222.8254640633097665 220.6689425357694745 218.265326437731261 215.6283359900237144 212.7747489455161087 209.7242979493480846 206.4995354676847228 203.1256671980047201 199.6303551903497748 196.04349221632134 192.3969492179793974
214.8398413135913074 215.0999819261775201 215.5291427061512195 216.1207661441463301 216.8657768795471554 217.7526855708436528 218.7677206253009672 219.8949864483359704 221.1166466015225751 222.4131300020334265 223.7633580580225612 225.1449904162569169 226.5346868023200955 227.9083822618463842 229.241572965179671 230.5096096190389972 231.687995438403334 232.7526855708436528 233.6803848345868175 234.448840631087819 235.0371279229140953 235.4259232281336267 235.5977646726865942 235.5372952616701809 235.2314866780684497 234.6698410919370872 233.8445686628804481 232.7507386420667785 231.3864022250239998 229.7526855708436528 227.8538516848053348 225.6973301572650712 223.2937140592268577 220.6567236115192827 217.803136567011677 214.7526855708436528 211.5279230891803195 208.1540548195002884 204.6587428118453431 201.0718798378169083 197.4253368394749941
219.9243240556364754 220.1844646682226596 220.613625448196359 221.2052488861914696 221.9502596215922949 222.8371683128887923 223.8522033673461351 224.9794691903811099 226.201129343567743 227.4976127440785945 228.8478408000677291 230.2294731583020564 231.6191695443652634 232.9928650038915237 234.3260557072248389 235.5940923610841367 236.7724781804484735 237.8371683128888208 238.764867576631957 239.5333233731329585 240.1216106649592348 240.5104059701787946 240.6822474147317621 240.6217780037153489 240.3159694201135892 239.7543238339822267 238.9290514049255876 237.8352213841118896 236.4708849670691393 234.8371683128887923 232.9383344268504743 230.7818128993102107 228.3781968012719972 225.7412063535644222 222.8876193090568449 219.8371683128888208 216.612405831225459 213.2385375615454564 209.7432255538904826 206.1563625798620478 202.5098195815201336
225.021633185448934 225.2817737980351467 225.7109345780088461 226.3025580160039567 227.047568751404782 227.9344774427012794 228.9495124971585938 230.076778320193597 231.2984384733802017 232.5949218738910531 233.9451499298801878 235.3267822881145435 236.716478674177722 238.0901741337040107 239.4233648370372975 240.6914014908965953 241.8697873102609606 242.9344774427012794 243.8621767064444441 244.6306325029454456 245.2189197947716934 245.6077150999912533 245.7795565445442207 245.7190871335278075 245.4132785499260763 244.8516329637947138 244.0263605347380462 242.9325305139243767 241.5681940968815979 239.9344774427012794 238.0356435566629614 235.8791220291226978 233.4755059310844558 230.8385154833769093 227.9849284388693036 224.9344774427012794 221.7097149610379461 218.335846691357915 214.8405346837029697 211.2536717096745349 207.6071287113326207
230.0871557427476546 230.3472963553338673 230.7764571353075667 231.3680805733026773 232.1130913087035026 233 234.0150350544573143 235.1423008774923176 236.3639610306789223 237.6604444311897737 239.0106724871789083 240.392304845413264 241.7820012314764426 243.1556966910027313 244.4888873943360181 245.7569240481953443 246.9353098675596812 248 248.9276992637431647 249.6961550602441662 250.2844423520704424 250.6732376572899739 250.8450791018429413 250.7846096908265281 250.4788011072247969 249.9171555210934343 249.0918830920367952 247.9980530712231257 246.6337166541803469 245 243.101166113961682 240.9446445864214184 238.5410284883832048 235.9040380406756299 233.0504509961680526 230 226.7752375183366667 223.4013692486566356 219.9060572410016903 216.3191942669732555 212.6726512686313413
235.0753183601614751 235.3354589727476593 235.7646197527213587 236.3562431907164978 237.1012539261172947 237.9881626174138205 239.0031976718711348 240.1304634949061096 241.3521236480927428 242.6486070486035942 243.9988351045927288 245.3804674628270845 246.7701638488902631 248.1438593084165234 249.4770500117498386 250.7450866656091364 251.9234724849734732 252.9881626174138205 253.9158618811569568 254.6843176776579583 255.2726049694842345 255.6614002747037944 255.8332417192567618 255.7727723082403486 255.4669637246386174 254.9053181385072264 254.0800457094505873 252.9862156886369178 251.621879271594139 249.9881626174138205 248.089328731375474 245.9328072038352104 243.5291911057969969 240.8922006580894504 238.0386136135818447 234.9881626174138205 231.7634001357504587 228.3895318660704561 224.8942198584155108 221.3073568843870476 217.6608138860451334
239.9399875433130944 240.2001281558992787 240.6292889358729781 241.2209123738681171 241.9659231092689424 242.8528318005654398 243.8678668550227542 244.9951326780577574 246.2167928312443621 247.5132762317552135 248.8635042877443482 250.2451366459787039 251.6348330320418825 253.0085284915681427 254.341719194901458 255.6097558487607557 256.7881416681250926 257.8528318005654114 258.7805310643086045 259.5489868608095776 260.1372741526358823 260.5260694578554421 260.6979109024083527 260.6374414913919395 260.3316329077902083 259.7699873216588458 258.9447148926022351 257.8508848717885371 256.4865484547457868 254.8528318005654398 252.9539979145271218 250.7974763869868298 248.3938602889486447 245.7568698412410697 242.903282796733464 239.8528318005654398 236.6280693189020781 233.2542010492220754 229.7588890415671301 226.1720260675386953 222.5254830691967527
244.6348829575001389 244.8950235700863516 245.324184350060051 245.9158077880551616 246.6608185234559869 247.5477272147524843 248.5627622692097987 249.6900280922448019 250.9116882454314066 252.208171645942258 253.5583997019313927 254.9400320601657484 256.3297284462289554 257.7034239057551872 259.0366146090885309 260.3046512629478002 261.483037082312137 262.5477272147525127 263.475426478495649 264.2438822749966221 264.8321695668229268 265.2209648720424866 265.3928063165954541 265.3323369055790408 265.0265283219772527 264.4648827358458902 263.6396103067892795 262.5457802859755816 261.1814438689328313 259.5477272147525127 257.6488933287141663 255.4923718011738742 253.0887557031356891 250.4517652554281142 247.5981782109205369 244.5477272147524843 241.3229647330891225 237.9490964634091199 234.4537844557541746 230.8669214817257398 227.2203784833838256
249.1140001023622403 249.374140714948453 249.8033014949221524 250.394924932917263 251.1399356683180599 252.0268443596145858 253.0418794140719001 254.1691452371068749 255.390805390293508 256.6872887908043595 258.0375168467934941 259.4191492050278498 260.8088455910910284 262.1825410506173171 263.5157317539506039 264.7837684078099301 265.9621542271742669 267.0268443596145858 267.954543623357722 268.7229994198587519 269.3112867116849998 269.7000820169045596 269.8719234614575271 269.8114540504411138 269.5056454668393826 268.9439998807080201 268.1187274516513526 267.0248974308376546 265.6605610137949043 264.0268443596145858 262.1280104735762393 259.9714889460360041 257.5678728479977622 254.9308824002902156 252.0772953557826099 249.0268443596145858 245.8020818779512524 242.4282136082712213 238.932901600616276 235.3460386265878412 231.6994956282458986
253.3320386215321207 253.592179234118305 254.0213400140920044 254.612963452087115 255.3579741874879403 256.2448828787844377 257.2599179332417521 258.3871837562767837 259.60884390946336 260.9053273099742114 262.255555365963346 263.6371877241977018 265.0268841102608803 266.400579569787169 267.7337702731205127 269.001806926979782 270.1801927463441189 271.2448828787844377 272.1725821425276308 272.9410379390286039 273.5293252308548517 273.9181205360744116 274.0899619806274359 274.0294925696109658 273.7236839860092346 273.1620383998778721 272.3367659708212614 271.2429359500075634 269.8785995329648131 268.2448828787844377 266.3460489927461481 264.1895274652058561 261.7859113671676141 259.1489209194600676 256.2953338749524619 253.2448828787844661 250.0201203971211044 246.6462521274411017 243.150940119786128 239.5640771457577216 235.917534147415779
257.2448323925206068 257.5049730051067627 257.9341337850804621 258.5257572230756296 259.2707679584764264 260.1576766497729523 261.1727117042302666 262.2999775272652414 263.5216376804518745 264.818121080962726 266.1683491369518606 267.5499814951862163 268.9396778812493949 270.3133733407756836 271.6465640441089704 272.9146006979682397 274.0929865173326334 275.1576766497729523 276.0853759135160885 276.8538317100170616 277.4421190018433663 277.8309143070629261 278.0027557516158936 277.9422863405994804 277.6364777569976923 277.0748321708663298 276.2495597418097191 275.1557297209960211 273.7913933039532708 272.1576766497729523 270.2588427637346058 268.1023212361943706 265.6987051381561287 263.0617146904485821 260.2081276459409764 257.1576766497729523 253.9329141681095905 250.5590458984295879 247.0637338907746141 243.4768709167461793 239.8303279184042651
260.8097774742032016 261.0699180867894142 261.4990788667631136 262.0907023047582243 262.8357130401590211 263.722621731455547 264.7376567859128613 265.8649226089478361 267.0865827621344692 268.3830661626453207 269.7332942186344553 271.114926576868811 272.5046229629319896 273.8783184224582783 275.2115091257915651 276.4795457796508913 277.6579315990152281 278.722621731455547 279.6503209951987401 280.4187767916997132 281.007064083525961 281.3958593887455208 281.5677008332984883 281.5072314222820751 281.2014228386803438 280.6397772525489813 279.8145048234923706 278.7206748026786727 277.3563383856359224 275.722621731455547 273.8237878454172574 271.6672663178769653 269.2636502198387234 266.6266597721311769 263.7730727276235712 260.722621731455547 257.4978592497922136 254.1239909801121826 250.6286789724572373 247.0418159984288025 243.3952730000868883
263.9862539561894437 264.2463945687756564 264.6755553487493557 265.2671787867444664 266.0121895221452633 266.8990982134417891 267.9141332678991034 269.0413990909340782 270.2630592441207114 271.5595426446315628 272.9097707006206974 274.2914030588550531 275.6810994449182317 277.0547949044445204 278.3879856077778072 279.6560222616370766 280.8344080810014702 281.8990982134417891 282.8267974771849254 283.5952532736858984 284.1835405655122031 284.572335870731763 284.7441773152847304 284.6837079042683172 284.3778993206665859 283.8162537345351666 282.9909813054785559 281.8971512846649148 280.5328148676221076 278.8990982134417891 277.0002643274034426 274.8437427998632074 272.4401267018249655 269.803136254117419 266.9495492096098133 263.8990982134417891 260.6743357317784557 257.3004674620984247 253.8051554544434794 250.2182924804150161 246.5717494820731019
266.7360377566933494 266.996178369279562 267.4253391492532614 268.0169625872483721 268.7619733226492258 269.6488820139456948 270.663917068403066 271.7911828914380408 273.0128430446246171 274.3093264451354685 275.6595545011246031 277.0411868593589588 278.4308832454221374 279.8045787049484261 281.1377694082817698 282.4058060621410391 283.5841918815053759 284.6488820139456948 285.5765812776888879 286.345037074189861 286.9333243660161088 287.3221196712356686 287.493961115788693 287.4334917047722229 287.1276831211704916 286.5660375350391291 285.7407651059825184 284.6469350851688205 283.2825986681260702 281.6488820139456948 279.7500481279074052 277.5935266003671131 275.1899105023288712 272.5529200546213247 269.699333010113719 266.6488820139456948 263.4241195322823614 260.0502512626023304 256.5549392549473851 252.9680762809189787 249.3215332825770361
269.0236984536022078 269.2838390661884205 269.7129998461621199 270.3046232841572305 271.0496340195580842 271.9365427108545532 272.9515777653118676 274.0788435883468992 275.3005037415334755 276.5969871420443269 277.9472151980334615 279.3288475562678173 280.7185439423310527 282.0922394018572845 283.4254301051905713 284.6934667590498975 285.8718525784142344 286.9365427108545532 287.8642419745977463 288.6326977710987194 289.2209850629250241 289.6097803681445839 289.7816218126974945 289.7211524016810813 289.4153438180793501 288.8536982319479876 288.02842580289132 286.9345957820776789 285.5702593650348717 283.9365427108545532 282.0377088248162636 279.8811872972759716 277.4775711992377865 274.8405807515301831 271.9869937070226342 268.9365427108545532 265.7117802291912199 262.3379119595111888 258.8425999518562435 255.2557369778278371 251.6091939794858945
270.8169793072615903 271.077119919847803 271.5062806998215024 272.097904137816613 272.8429148732174099 273.7298235645139357 274.7448586189712501 275.8721244420062249 277.093784595192858 278.3902679957037094 279.740496051692844 281.1221284099271998 282.5118247959903783 283.885520255516667 285.2187109588499538 286.48674761270928 287.6651334320736169 288.7298235645139357 289.6575228282571288 290.4259786247581019 291.0142659165843497 291.4030612218039096 291.574902666356877 291.5144332553404638 291.2086246717387326 290.6469790856073701 289.8217066565507025 288.7278766357370614 287.3635402186942542 285.7298235645139357 283.8309896784755892 281.6744681509353541 279.2708520528971121 276.6338616051895656 273.7802745606819599 270.7298235645139357 267.5050610828506024 264.1311928131705713 260.635880805515626 257.0490178314871628 253.402474833145277
272.0871557427476546 272.3472963553338673 272.7764571353075667 273.3680805733026773 274.1130913087034742 275 276.0150350544573143 277.1423008774922891 278.3639610306789223 279.6604444311897737 281.0106724871789083 282.392304845413264 283.7820012314764426 285.1556966910027313 286.4888873943360181 287.7569240481953443 288.9353098675596812 290 290.9276992637431931 291.6961550602441662 292.284442352070414 292.6732376572899739 292.8450791018429413 292.7846096908265281 292.4788011072247969 291.9171555210934343 291.0918830920367668 289.9980530712231257 288.6337166541803185 287 285.1011661139616535 282.9446445864214184 280.5410284883831764 277.9040380406756299 275.0504509961680242 272 268.7752375183366667 265.4013692486566356 261.9060572410016903 258.3191942669732271 254.6726512686313413
