ExternalData/elevation_map.ascii
north: 5582000
south: 5580000
east: 402000
west: 400000
rows: 100
cols: 100
[rows 18 to 35 of 100, columns 41 to 81 of 100]
177.344040887794506 173.680254124699502 170.0613860615867736 166.5242357343998663 163.1059965043215243 159.8438948062118925 156.7748215061414498 153.9349593229986226 151.3594098484990695 149.0818237470519989 147.1340377311596797 145.545721888931979 144.344040887794506 143.5533324927484955 143.1948067191108294 143.286268789317603 143.841868882211827 144.8718814526321523 146.3825166607281858 148.375766186166004 150.8492854144178636 153.7963136730419933 157.2056338678559655 161.0615725249764694 165.3440408877944492 170.0286173511676395 175.0866711416490205 180.4855267757205581 186.188668451109379 192.1559831527107463 198.3440408877944776 204.7064101083735181 211.1940060351473107 217.755469270483502 224.3375717805453178 230.8856470418283493 237.344040887794506 243.656579359527143 249.7670496627176249 255.6196901639048349 261.1596852235506958
175.5270364466613842 171.8632496835664085 168.2443816204536802 164.7072312932667728 161.2889920631884024 158.0268903650787706 154.9578170650083564 152.1179548818655292 149.5424054073659761 147.2648193059189055 145.3170332900265862 143.7287174477988856 142.5270364466613842 141.7363280516153736 141.3778022779777359 141.4692643481844812 142.0248644410787051 143.0548770114990589 144.5655122195950639 146.5587617450328821 149.0322809732847418 151.9793092319088714 155.3886294267228436 159.2445680838433759 163.5270364466613557 168.2116129100345461 173.269666700515927 178.6685223345874647 184.3716640099762571 190.3389787115776528 196.5270364466613842 202.8894056672404247 209.3770015940142173 215.9384648293504085 222.5205673394122243 229.0686426006952559 235.5270364466613842 241.8395749183940211 247.9500452215845314 253.8026857227717414 259.3426807824175739
173.5648000528470618 169.9010132897520862 166.2821452266393294 162.744994899452422 159.3267556693740801 156.0646539712644483 152.995580671194034 150.1557184880512068 147.5801690135516537 145.3025829121045831 143.3547968962122354 141.7664810539845348 140.5648000528470618 139.7740916578010513 139.4155658841634136 139.5070279543701588 140.0626280472643828 141.0926406176847081 142.6032758257807416 144.5965253512185598 147.0700445794704194 150.0170728380945491 153.4263930329085213 157.2823316900290251 161.5648000528470334 166.2493765162201953 171.3074303067016046 176.7062859407731423 182.4094276161619348 188.3767423177633304 194.5648000528470334 200.9271692734260739 207.4147652001998665 213.9762284355360862 220.558330945597902 227.1064062068809335 233.5648000528470618 239.8773385245796987 245.9878088277702091 251.8404493289573907 257.3804443886032232
171.4755568468352749 167.8117700837402992 164.1929020206275709 160.6557516934406635 157.2375124633622931 153.9754107652526898 150.9063374651822471 148.0664752820394483 145.4909258075398668 143.2133397060927962 141.2655536902004769 139.6772378479727763 138.4755568468352749 137.6848484517892928 137.3263226781516266 137.4177847483583719 137.9733848412525958 139.0033974116729496 140.5140326197689831 142.5072821452067728 144.9808013734586325 147.9278296320827906 151.3371498268967628 155.1930884840172666 159.4755568468352749 164.1601333102084368 169.2181871006898177 174.6170427347613554 180.3201844101501479 186.2874991117515435 192.4755568468352749 198.8379260674143154 205.325521994188108 211.8869852295242993 218.4690877395861435 225.0171630008691466 231.4755568468352749 237.7880953185679118 243.8985656217584221 249.7512061229456322 255.2912011825914647
169.2797799799639051 165.6159932168689295 161.9971251537562011 158.4599748265692938 155.0417355964909234 151.7796338983812916 148.7105605983108774 145.8706984151680786 143.2951489406684971 141.0175628392214264 139.0697768233291072 137.4814609811014066 136.2797799799639051 135.4890715849178946 135.1305458112802569 135.2220078814870021 135.7776079743812261 136.8076205448015799 138.3182557528975849 140.3115052783354031 142.7850245065872627 145.7320527652113924 149.1413729600253646 152.9973116171458969 157.2797799799639051 161.964356443337067 167.022410233818448 172.4212658678899857 178.1244075432787781 184.0917222448801738 190.2797799799639051 196.6421492005429457 203.1297451273167383 209.6912083626529295 216.2733108727147453 222.8213861339977768 229.2797799799639051 235.5923184516965421 241.7027887548870524 247.5554292560742624 253.0954243157200949
167 163.3362132369050244 159.717345173792296 156.1801948466053602 152.7619556165270183 149.4998539184173865 146.4307806183469722 143.590918435204145 141.0153689607045919 138.7377828592575213 136.789996843365202 135.2016810011375014 134 133.2092916049539895 132.8507658313163518 132.942227901523097 133.497827994417321 134.5278405648376747 136.0384757729336798 138.031725298371498 140.5052445266233576 143.4522727852474873 146.8615929800614595 150.7175316371819918 154.9999999999999716 159.6845764633731619 164.7426302538545428 170.1414858879260805 175.844627563314873 181.8119422649162686 188 194.3623692205790405 200.8499651473528047 207.4114283826890244 213.9935308927508402 220.5416061540338717 227 233.3125384717326369 239.4230087749231473 245.2756492761103573 250.8156443357561898
164.6605890912238408 160.9968023281288652 157.3779342650161084 153.840783937829201 150.4225447077508591 147.1604430096412557 144.091369709570813 141.2515075264279858 138.6759580519284327 136.3983719504813621 134.4505859345890144 132.8622700923613138 131.6605890912238408 130.8698806961778587 130.5113549225401925 130.6028169927469378 131.1584170856411617 132.1884296560614871 133.699064864157549 135.6923143895953388 138.1658336178471984 141.1128618764713565 144.5221820712853287 148.3781207284058326 152.6605890912238124 157.3451655545970027 162.4032193450783836 167.8020749791499213 173.5052166545387138 179.4725313561401094 185.6605890912238408 192.0229583118028813 198.5105542385766739 205.0720174739128652 211.654119983974681 218.2021952452577125 224.6605890912238408 230.9731275629564777 237.0835978661469881 242.9362383673341697 248.4762334269800306
162.287522148149975 158.6237353850549994 155.0048673219422426 151.4677169947553352 148.0494777646769933 144.7873760665673615 141.7183027664969472 138.87844058335412 136.3028911088545669 134.0253050074074963 132.0775189915151486 130.489203149287448 129.287522148149975 128.4968137531039645 128.1382879794663268 128.229750049673072 128.785350142567296 129.8153627129876213 131.3259979210836548 133.319247446521473 135.7927666747733326 138.7397949333974623 142.1491151282114345 146.0050537853319383 150.2875221481499466 154.9720986115231085 160.0301524020045179 165.4290080360760555 171.132149711464848 177.0994644130662437 183.2875221481499466 189.6498913687289871 196.1374872955027797 202.6989505308389994 209.2810530409008152 215.8291283021838467 222.287522148149975 228.6000606198826119 234.7105309230731223 240.5631714242603039 246.1031664839061364
159.9081169079632332 156.2443301448682291 152.6254620817555008 149.088311754568565 145.6700725244902515 142.4079708263806197 139.338897526310177 136.4990353431673498 133.9234858686677967 131.6458997672207261 129.6981137513284068 128.1097979091007062 126.908116907963219 126.1174085129172227 125.7588827392795565 125.850344809486316 126.4059449023805399 127.4359574728008795 128.946592680896913 130.9398422063347311 133.4133614345865908 136.3603896932107205 139.7697098880246926 143.6256485451451965 147.9081169079631763 152.5926933713363667 157.6507471618177476 163.0496027958892853 168.7527444712781062 174.7200591728794734 180.9081169079632048 187.2704861285422453 193.7580820553160379 200.3195452906522291 206.9016478007140449 213.4497230619970765 219.9081169079632332 226.2206553796958701 232.331125682886352 238.183766184073562 243.7237612437193945
157.5507555926686223 153.8869688295736182 150.2681007664608899 146.7309504392739825 143.3127112091956405 140.0506095110860088 136.9815362110155661 134.1416740278727673 131.5661245533731858 129.2885384519261152 127.3407524360337959 125.7524365938061095 124.5507555926686223 123.7600471976226117 123.4015214239849598 123.4929834941917193 124.0485835870859432 125.0785961575062686 126.589231365602302 128.5824808910401202 131.0560001192919799 134.0030283779161095 137.4123485727300817 141.268287229850614 145.5507555926685939 150.2353320560417842 155.2933858465231651 160.6922414805947028 166.3953831559834953 172.3626978575848625 178.5507555926685939 184.9131248132476344 191.400720740021427 197.9621839753576467 204.5442864854194625 211.092361746702494 217.5507555926686223 223.8632940644012592 229.9737643675917411 235.8264048687789511 241.3663999284248121
155.2445907156192391 151.5808039525242634 147.9619358894115067 144.4247855622245993 141.0065463321462573 137.7444446340366255 134.6753713339662113 131.8355091508233841 129.259959676323831 126.9823735748767461 125.0345875589844127 123.4462717167567263 122.2445907156192391 121.4538823205732285 121.0953565469355766 121.1868186171423361 121.74241871003656 122.7724312804568854 124.2830664885529188 126.276316013990737 128.7498352422425967 131.6968635008667263 135.1061836956806985 138.9621223528012024 143.2445907156192106 147.9291671789923726 152.9872209694737535 158.3860766035452912 164.089218278934112 170.0565329805355077 176.2445907156192106 182.6069599361982512 189.0945558629720438 195.6560190983082634 202.2381216083700792 208.7861968696531108 215.2445907156192391 221.557129187351876 227.6675994905423579 233.5202399917295679 239.0602350513754004
153.0192378864668399 149.3554511233718358 145.7365830602591075 142.1994327330722001 138.7811935029938581 135.5190918048842263 132.4500185048137837 129.6101563216709849 127.0346068471714176 124.7570207457243612 122.8092347298320135 121.2209188876043271 120.0192378864668399 119.2285294914208293 118.8700037177831916 118.9614657879899369 119.5170658808841608 120.5470784513044862 122.0577136594005196 124.0509631848383378 126.5244824130901975 129.4715106717143271 132.8808308665282993 136.7367695236488316 141.0192378864668115 145.7038143498400018 150.7618681403213827 156.1607237743929204 161.8638654497817129 167.8311801513831085 174.0192378864668115 180.381607107045852 186.8692030338196446 193.4306662691558643 200.01276877921768 206.5608440405007116 213.0192378864668399 219.3317763581994768 225.4422466613899587 231.2948871625771687 236.8348822222230297
150.904458601863837 147.2406718387688613 143.621803775656133 140.0846534484692256 136.6664142183908552 133.4043125202812519 130.3352392202108092 127.4953770370679962 124.9198275625684289 122.6422414611213583 120.694455445229039 119.1061396030013384 117.9044586018638512 117.1137502068178549 116.7552244331801887 116.8466865033869482 117.4022865962811721 118.4322991667015117 119.9429343747975452 121.9361839002353491 124.4097031284872088 127.3567313871113527 130.7660515819253249 134.6219902390458287 138.904458601863837 143.5890350652369989 148.6470888557183798 154.0459444897899175 159.74908616517871 165.7164008667801056 171.904458601863837 178.2668278224428775 184.7544237492166701 191.3158869845528613 197.8979894946147056 204.4460647558977087 210.904458601863837 217.2169970735964739 223.3274673767869842 229.1801078779741943 234.7201029376200268
148.9298361348509161 145.2660493717559405 141.6471813086432121 138.1100309814563047 134.6917917513779344 131.429690053268331 128.3606167531978883 125.5207545700550753 122.945205095555508 120.6676189941084516 118.7198329782161181 117.1315171359884175 115.9298361348509303 115.139127739804934 114.7806019661672821 114.8720640363740273 115.4276641292682513 116.4576766996885908 117.9683119077846243 119.9615614332224283 122.4350806614742879 125.3821089200984318 128.791429114912404 132.6473677720329079 136.9298361348509161 141.614412598224078 146.6724663887054589 152.0713220227769966 157.7744636981657891 163.7417783997671847 169.9298361348509161 176.2922053554299566 182.7798012822037492 189.3412645175399405 195.9233670276017847 202.4714422888847878 208.9298361348509445 215.2423746065835815 221.3528449097740634 227.2054854109612734 232.7454804706071059
147.1244477324607374 143.4606609693657617 139.8417929062530334 136.304642579066126 132.8864033489877556 129.6243016508781238 126.5552283508077096 123.7153661676648966 121.1398166931653293 118.8622305917182587 116.9144445758259252 115.3261287335982388 114.1244477324607516 113.333739337414741 112.9752135637770891 113.0666756339838486 113.6222757268780725 114.6522882972983979 116.1629235053944313 118.1561730308322495 120.6296922590841092 123.5767205177082388 126.986040712522211 130.8419793696427291 135.1244477324607374 139.8090241958338993 144.8670779863152802 150.2659336203868179 155.9690752957756104 161.936389997377006 168.1244477324607374 174.4868169530397779 180.9744128798135705 187.5358761151497617 194.1179786252115775 200.6660538864946091 207.1244477324607374 213.4369862041933743 219.5474565073838846 225.4000970085710946 230.9400920682169271
145.5165363975849289 141.8527496344899532 138.2338815713771965 134.6967312441902891 131.2784920141119471 128.0163903160023153 124.9473170159318869 122.1074548327890739 119.5319053582895066 117.2543192568424502 115.3065332409501025 113.7182173987224161 112.5165363975849289 111.7258280025389183 111.3673022289012806 111.4587642991080259 112.0143643920022498 113.0443769624225752 114.5550121705186086 116.5482616959564268 119.0217809242082865 121.9688091828324161 125.3781293776463883 129.2340680347668922 133.5165363975849004 138.2011128609580624 143.2591666514394717 148.6580222855110094 154.3611639608998019 160.3284786625011975 166.5165363975849004 172.878905618163941 179.3665015449377336 185.9279647802739532 192.510067290335769 199.0581425516188006 205.5165363975849289 211.8290748693175658 217.9395451725080761 223.7921856736952577 229.3321807333410902
144.1331855667888817 140.4693988036939345 136.8505307405811777 133.3133804133942704 129.8951411833159284 126.6330394852062966 123.5639661851358539 120.7241040019930551 118.1485545274934736 115.8709684260464172 113.9231824101540838 112.3348665679263831 111.1331855667889101 110.3424771717428996 109.9839513981052477 110.0754134683120071 110.6310135612062311 111.6610261316265564 113.1716613397225899 115.1649108651604081 117.6384300934122678 120.5854583520363974 123.9947785468503696 127.8507172039708735 132.1331855667888817 136.8177620301620436 141.8758158206434246 147.2746714547149622 152.9778131301037831 158.9451278317051788 165.1331855667888817 171.4955547873679222 177.9831507141417148 184.5446139494779345 191.1267164595397503 197.6747917208227818 204.1331855667889101 210.4457240385215471 216.556194341712029 222.408834842899239 227.9488299025450715
143 139.3362132369049959 135.7173451737922676 132.1801948466053602 128.7619556165270183 125.4998539184173865 122.430780618346958 119.590918435204145 117.0153689607045777 114.7377828592575213 112.7899968433651736 111.2016810011374872 110 109.2092916049539895 108.8507658313163518 108.942227901523097 109.497827994417321 110.5278405648376463 112.0384757729336798 114.031725298371498 116.5052445266233576 119.4522727852474873 122.8615929800614595 126.7175316371819775 130.9999999999999716 135.6845764633731619 140.7426302538545428 146.1414858879260805 151.844627563314873 157.8119422649162686 164 170.3623692205790121 176.8499651473528047 183.4114283826890244 189.9935308927508402 196.5416061540338717 203 209.3125384717326369 215.4230087749231188 221.2756492761103289 226.8156443357561898
