ExternalData/elevation_map.ascii
north: 5582000
south: 5580000
east: 402000
west: 400000
rows: 100
cols: 100
[rows 0 to 17 of 100, columns 41 to 81 of 100]
179.996194698091756 176.3324079349967519 172.7135398718840236 169.1763895446971162 165.7581503146187742 162.4960486165091424 159.4269753164386998 156.587113133295901 154.0115636587963195 151.7339775573492489 149.7861915414569296 148.197875699229229 146.996194698091756 146.2054863030457454 145.8469605294080793 145.938422599614853 146.4940226925090769 147.5240352629294023 149.0346704710254357 151.0279199964632539 153.5014392247151136 156.4484674833392432 159.8577876781532154 163.7137263352737193 167.9961946980917276 172.6807711614648895 177.7388249519462704 183.1376805860178081 188.840822261406629 194.8081369630079962 200.9961946980917276 207.3585639186707681 213.8461598454445607 220.4076230807807519 226.9897255908425961 233.5378008521255992 239.996194698091756 246.3087331698243929 252.4192034730148748 258.2718439742020564 263.8118390338479458
180.9696155060244109 177.3058287429294353 173.6869606798166785 170.1498103526297712 166.7315711225514292 163.4694694244417974 160.4003961243713832 157.5605339412285559 154.9849844667290029 152.7073983652819322 150.759612349389613 149.1712965071619124 147.9696155060244109 147.1789071109784004 146.8203813373407627 146.9118434075475079 147.4674435004417319 148.4974560708620857 150.0080912789580907 152.0013408043959089 154.4748600326477685 157.4218882912718982 160.8312084860858704 164.6871471432064027 168.9696155060243825 173.6541919693975728 178.7122457598789538 184.1111013939504915 189.8142430693392839 195.7815577709406796 201.9696155060244109 208.331984726603423 214.8195806533772156 221.3810438887134353 227.9631463987752511 234.5112216600582826 240.9696155060244109 247.2821539777570479 253.3926242809475582 259.2452647821347682 264.7852598417806007
181.8977774788671979 178.2339907157722223 174.6151226526594655 171.0779723254725582 167.6597330953942162 164.3976313972846128 161.3285580972141702 158.4886959140713429 155.9131464395717899 153.6355603381247192 151.6877743222323716 150.0994584800046994 148.8977774788671979 148.1070690838212158 147.7485433101835497 147.8400053803902949 148.3956054732845189 149.4256180437048442 150.9362532518009061 152.9295027772386959 155.4030220054905556 158.3500502641147136 161.7593704589286858 165.6153091160491897 169.8977774788671695 174.5823539422403599 179.6404077327217408 185.0392633667932785 190.7424050421820709 196.7097197437834666 202.8977774788671979 209.2601466994462385 215.7477426262200311 222.3092058615562223 228.8913083716180381 235.4393836329010696 241.8977774788671979 248.2103159505998349 254.3207862537903452 260.1734267549775268 265.7134218146234161
182.7587704831436213 179.0949837200486456 175.4761156569359173 171.9389653297490099 168.5207260996706395 165.2586244015610362 162.1895511014905935 159.3496889183477947 156.7741394438482132 154.4965533424011426 152.5487673265088233 150.9604514842811227 149.7587704831436213 148.9680620880976392 148.609536314459973 148.7009983846667183 149.2565984775609422 150.286611047981296 151.7972462560773295 153.7904957815151192 156.2640150097669789 159.211043268391137 162.6203634632051092 166.476302120325613 170.7587704831436213 175.4433469465167832 180.5014007369981641 185.9002563710697018 191.6033980464584943 197.5707127480598899 203.7587704831436213 210.1211397037226618 216.6087356304964544 223.1701988658326457 229.7523013758944899 236.300376637177493 242.7587704831436213 249.0713089548762582 255.1817792580667685 261.0344197592539786 266.5744148188998111
183.5315389351832494 179.8677521720882737 176.2488841089755169 172.7117337817886096 169.2934945517102676 166.0313928536006358 162.9623195535302216 160.1224573703873943 157.5469078958878413 155.2693217944407706 153.321535778548423 151.7332199363207224 150.5315389351832494 149.7408305401372388 149.3823047664996011 149.4737668367063463 150.0293669296005703 151.0593795000208956 152.5700147081169291 154.5632642335547473 157.036783461806607 159.9838117204307366 163.3931319152447088 167.2490705723652127 171.5315389351832209 176.2161153985564113 181.2741691890377922 186.6730248231093299 192.3761664984981223 198.343481200099518 204.5315389351832209 210.8939081557622615 217.3815040825360541 223.9429673178722737 230.5250698279340895 237.073145089217121 243.5315389351832494 249.8440774069158863 255.9545477101063966 261.8071882112935782 267.3471832709394107
184.196152422706632 180.5323656596116564 176.9134975964988996 173.3763472693119922 169.9581080392336503 166.6960063411240185 163.6269330410535758 160.787070857910777 158.2115213834111955 155.9339352819641533 153.9861492660718056 152.3978334238441334 151.196152422706632 150.4054440276606215 150.0469182540229838 150.138380324229729 150.693980417123953 151.7239929875442783 153.2346281956403118 155.22787772107813 157.7013969493299896 160.6484252079541193 164.0577454027680915 167.9136840598886238 172.1961524227066036 176.8807288860797939 181.9387826765611749 187.3376383106327125 193.040779986021505 199.0080946876229007 205.1961524227066036 211.5585216432856441 218.0461175700594367 224.6075808053956564 231.1896833154574722 237.7377585767405037 244.196152422706632 250.508690894439269 256.6191611976297509 262.4718016988169893 268.0117967584628218
184.7340643100229443 181.0702775469279686 177.4514094838152118 173.9142591566283045 170.4960199265499625 167.2339182284403307 164.1648449283699165 161.3249827452270893 158.7494332707275362 156.4718471692804656 154.5240611533881179 152.9357453111604173 151.7340643100229443 150.9433559149769337 150.584830141339296 150.6762922115460412 151.2318923044402652 152.2619048748605906 153.772540082956624 155.7657896083944422 158.2393088366463019 161.1863370952704315 164.5956572900844037 168.4515959472049076 172.7340643100229158 177.4186407733960777 182.4766945638774871 187.8755501979490248 193.5786918733378172 199.5460065749392129 205.7340643100229158 212.0964335306019564 218.584029457375749 225.1454926927119686 231.7275952027737844 238.2756704640568159 244.7340643100229443 251.0466027817555812 257.1570730849460915 263.0097135861332731 268.5497086457791056
185.1283555449518303 181.4645687818568263 177.8457007187440979 174.3085503915571906 170.8903111614788486 167.6282094633692168 164.5591361632987741 161.7192739801559753 159.1437245056563938 156.8661384042093232 154.9183523883170039 153.3300365460893033 152.1283555449518303 151.3376471499058198 150.9791213762681537 151.0705834464749273 151.6261835393691513 152.6561961097894766 154.1668313178855101 156.1600808433233283 158.6336000715751879 161.5806283301993176 164.9899485250132898 168.8458871821337937 173.1283555449518019 177.8129320083249638 182.8709857988063732 188.2698414328779108 193.9729831082667033 199.9402978098680705 206.1283555449518019 212.4907247655308424 218.978320692304635 225.5397839276408263 232.1218864377026705 238.6699616989856736 245.1283555449518303 251.4408940166844673 257.5513643198749492 263.4040048210621308 268.9439998807080201
185.3639610306789223 181.7001742675839466 178.0813062044712183 174.5441558772842825 171.1259166472059405 167.8638149490963087 164.7947416490258945 161.9548794658830673 159.3793299913835142 157.1017438899364436 155.1539578740441243 153.5656420318164237 152.3639610306789223 151.5732526356329117 151.214726861995274 151.3061889322020193 151.8617890250962432 152.891801595516597 154.402436803612602 156.3956863290504202 158.8692055573022799 161.8162338159264095 165.2255540107403817 169.081492667860914 173.3639610306788938 178.0485374940520842 183.1065912845334651 188.5054469186050028 194.2085885939937953 200.1759032955951909 206.3639610306789223 212.7263302512579628 219.213926178031727 225.7753894133679466 232.3574919234297624 238.905567184712794 245.3639610306789223 251.6764995024115592 257.7869698056020411 263.6396103067892795 269.179605366435112
185.4278760968653899 181.7640893337704142 178.1452212706576574 174.6080709434707501 171.1898317133924081 167.9277300152828047 164.8586567152123621 162.0187945320695349 159.4432450575699818 157.1656589561229111 155.2178729402305635 153.6295570980028629 152.4278760968653899 151.6371677018194077 151.2786419281817416 151.3701039983884868 151.9257040912827108 152.9557166617030362 154.466351869799098 156.4596013952368878 158.9331206234887475 161.8801488821129055 165.2894690769268777 169.1454077340473816 173.4278760968653614 178.1124525602385518 183.1705063507199327 188.5693619847914704 194.2725036601802628 200.2398183617816585 206.4278760968653614 212.7902453174444304 219.277841244218223 225.8393044795544142 232.42140698961623 238.9694822508992615 245.4278760968653899 251.7404145685980268 257.8508848717885371 263.7035253729757187 269.2435204326215512
185.3093407998615021 181.6455540367665265 178.0266859736537981 174.4895356464668623 171.0712964163885204 167.8091947182788886 164.7401214182084743 161.9002592350656471 159.324709760566094 157.0471236591190234 155.0993376432267041 153.5110218009990035 152.3093407998615021 151.5186324048154916 151.1601066311778538 151.2515687013845991 151.807168794278823 152.8371813646991768 154.3478165727951819 156.341066098233 158.8145853264848597 161.7616135851089894 165.1709337799229615 169.0268724370434938 173.3093407998614737 177.993917263234664 183.0519710537160449 188.4508266877875826 194.1539683631763751 200.1212830647777707 206.3093407998615021 212.6717100204405142 219.1593059472143068 225.7207691825505265 232.3028716926123423 238.8509469538953738 245.3093407998615021 251.621879271594139 257.7323495747846209 263.5849900759718594 269.1249851356176919
185 181.3362132369050244 177.7173451737922676 174.1801948466053602 170.7619556165270183 167.4998539184173865 164.4307806183469438 161.590918435204145 159.0153689607045635 156.7377828592575213 154.7899968433651736 153.2016810011375014 152 151.2092916049539895 150.8507658313163518 150.942227901523097 151.497827994417321 152.5278405648376463 154.0384757729336798 156.031725298371498 158.5052445266233576 161.4522727852474873 164.8615929800614595 168.7175316371819918 172.9999999999999716 177.6845764633731619 182.7426302538545428 188.1414858879260805 193.844627563314873 199.8119422649162686 205.9999999999999716 212.3623692205790121 218.8499651473528047 225.4114283826890244 231.9935308927508402 238.5416061540338717 245 251.3125384717326369 257.4230087749231188 263.2756492761103573 268.8156443357561898
184.4940374026290897 180.830250639534114 177.2113825764213573 173.6742322492344499 170.2559930191561079 166.9938913210464762 163.9248180209760335 161.0849558378332347 158.5094063633336532 156.231820261886611 154.2840342459942633 152.6957184037665911 151.4940374026290897 150.7033290075830791 150.3448032339454414 150.4362653041521867 150.9918653970464106 152.021877967466736 153.5325131755627694 155.5257627010005876 157.9992819292524473 160.9463101878765769 164.3556303826905491 168.2115690398110814 172.4940374026290613 177.1786138660022516 182.2366676564836325 187.6355232905551702 193.3386649659439627 199.3059796675453583 205.4940374026290613 211.8564066232081018 218.3440025499818944 224.9054657853181141 231.4875682953799299 238.0356435566629614 244.4940374026290897 250.8065758743617266 256.9170461775522085 262.769686678739447 268.3096817383852795
183.7882820065593705 180.1244952434643665 176.5056271803516381 172.9684768531647308 169.5502376230863888 166.288135924976757 163.2190626249063143 160.3792004417635155 157.803650967263934 155.5260648658168634 153.5782788499245441 151.9899630076968435 150.7882820065593705 149.99757361151336 149.6390478378756939 149.7305099080824675 150.2861100009766915 151.3161225713970168 152.8267577794930503 154.8200073049308685 157.2935265331827281 160.2405547918068578 163.64987498662083 167.5058136437413339 171.7882820065593421 176.472858469932504 181.5309122604139134 186.9297678944854511 192.6329095698742435 198.6002242714756107 204.7882820065593421 211.1506512271383826 217.6382471539121752 224.1997103892483665 230.7818128993102107 237.3298881605932138 243.7882820065593705 250.1008204782920075 256.2112907814824894 262.0639312826697278 267.6039263423155035
182.8822856765378049 179.2184989134428292 175.5996308503300725 172.0624805231431651 168.6442412930648231 165.3821395949552198 162.3130662948847771 159.4732041117419499 156.8976546372423968 154.6200685357953262 152.6722825199029785 151.0839666776753063 149.8822856765378049 149.0915772814918228 148.7330515078541566 148.8245135780609019 149.3801136709551258 150.4101262413754512 151.9207614494715131 153.9140109749093028 156.3875302031611625 159.3345584617853206 162.7438786565992928 166.5998173137197966 170.8822856765377765 175.5668621399109668 180.6249159303923477 186.0237715644638854 191.7269132398526779 197.6942279414540735 203.8822856765378049 210.2446548971168454 216.732250823890638 223.2937140592268292 229.875816569288645 236.4238918305716766 242.8822856765378049 249.1948241482704418 255.3052944514609521 261.1579349526481337 266.6979300122939662
181.7783708426708813 178.1145840795759057 174.4957160164631773 170.9585656892762415 167.5403264591978996 164.2782247610882678 161.2091514610178535 158.3692892778750263 155.7937398033754732 153.5161537019284026 151.5683676860360833 149.9800518438083827 148.7783708426708813 147.9876624476248708 147.6291366739872331 147.7205987441939783 148.2761988370882023 149.306211407508556 150.8168466156045611 152.8100961410423793 155.2836153692942389 158.2306436279183686 161.6399638227323408 165.4959024798528731 169.7783708426708529 174.4629473060440432 179.5210010965254241 184.9198567305969618 190.6229984059857543 196.5903131075871499 202.7783708426708813 209.1407400632498934 215.628335990023686 222.1897992253599057 228.7719017354217215 235.319976996704753 241.7783708426708813 248.0909093144035182 254.2013796175940286 260.0540201187812386 265.5940151784270711
180.4816476267101848 176.8178608636152092 173.1989928005024524 169.661842473315545 166.2436032432372031 162.9815015451275713 159.9124282450571286 157.0725660619143298 154.4970165874147483 152.2194304859677061 150.2716444700753868 148.6833286278476862 147.4816476267101848 146.6909392316641743 146.3324134580265365 146.4238755282332818 146.9794756211275057 148.0094881915478595 149.5201233996438646 151.5133729250816828 153.9868921533335424 156.9339204119576721 160.3432406067716443 164.1991792638921766 168.4816476267101564 173.1662240900833467 178.2242778805647276 183.6231335146362653 189.3262751900250578 195.2935898916264534 201.4816476267101848 207.8440168472891969 214.3316127740629895 220.8930760093992092 227.475178519461025 234.0232537807440565 240.4816476267101848 246.7941860984428217 252.9046564016333036 258.7572969028205421 264.2972919624663746
179 175.3362132369050244 171.7173451737922676 168.1801948466053602 164.7619556165270183 161.4998539184173865 158.4307806183469438 155.590918435204145 153.0153689607045635 150.7377828592575213 148.7899968433651736 147.2016810011375014 146 145.2092916049539895 144.8507658313163518 144.942227901523097 145.497827994417321 146.5278405648376463 148.0384757729336798 150.031725298371498 152.5052445266233576 155.4522727852474873 158.8615929800614595 162.7175316371819918 166.9999999999999716 171.6845764633731619 176.7426302538545428 182.1414858879260805 187.844627563314873 193.8119422649162686 199.9999999999999716 206.3623692205790121 212.8499651473528047 219.4114283826890244 225.9935308927508402 232.5416061540338717 239 245.3125384717326369 251.4230087749231188 257.2756492761103573 262.8156443357561898
