ExternalData/RandomInt_map.ascii
north: 5582000
south: 5580000
east: 402000
west: 400000
rows: 100
cols: 100
[rows 0 to 56 of 100, columns 0 to 95 of 100]
0 18 95 86 66 96 89 21 12 46 73 21 21 29 85 4 22 31 62 53 88 74 24 69 99 6 75 75 22 30 55 60 4 97 46 26 44 38 38 90 46 49 10 9 99 37 26 24 59 42 75 36 74 76 36 17 0 98 80 8 50 18 29 96 39 74 47 25 67 40 30 83 12 47 80 74 66 77 11 40 9 97 56 49 23 90 41 0 71 35 21 86 74 51 70 66
3 88 93 28 25 96 25 12 20 0 36 26 11 81 58 95 91 1 8 36 39 42 42 96 78 41 21 4 60 50 46 3 60 99 36 49 53 85 71 30 35 51 58 9 89 41 40 75 10 49 87 3 5 1 54 19 22 78 22 69 66 94 28 97 86 84 89 38 69 36 22 97 72 22 55 60 76 85 80 45 88 37 32 15 8 2 86 2 85 93 65 40 55 44 83 51
40 96 60 12 15 61 61 61 4 2 51 68 12 59 66 46 48 73 86 99 73 13 38 11 18 4 55 8 80 68 50 24 27 86 11 59 52 48 43 63 83 95 29 4 24 29 29 83 14 80 37 82 44 75 18 69 47 90 95 45 57 66 5 45 5 28 99 92 11 22 53 70 99 28 73 78 50 52 25 61 2 1 64 60 8 26 7 30 7 59 76 89 62 95 91 71
12 0 71 57 20 93 80 93 96 44 6 18 14 71 11 37 91 44 75 14 21 78 42 13 65 74 73 84 7 65 42 10 75 66 25 78 93 95 61 18 16 28 53 57 28 46 61 0 22 27 81 68 53 12 20 92 84 9 69 49 76 36 63 51 23 16 60 44 54 41 53 21 79 9 20 9 8 99 79 17 53 28 61 86 72 91 67 3 36 34 9 62 31 7 10 10
67 7 80 41 13 47 13 36 25 21 40 77 8 91 91 15 58 21 51 81 77 26 84 96 95 77 99 61 10 23 45 75 34 66 81 79 98 78 11 29 35 12 82 44 59 80 19 75 69 97 7 11 3 21 90 57 9 75 18 72 57 76 8 56 16 80 58 2 94 66 18 36 3 33 87 97 18 18 22 50 40 16 64 80 58 38 55 90 59 51 34 92 89 89 79 18
5 10 70 25 36 34 63 73 41 67 75 0 64 8 61 21 18 55 79 32 40 11 32 76 19 81 86 73 6 15 50 33 31 99 68 8 78 54 27 31 67 21 53 49 47 99 48 10 59 50 11 65 49 70 24 85 39 90 74 49 74 34 98 16 68 49 14 25 34 90 47 92 14 84 50 81 81 1 31 10 0 91 1 87 93 61 65 19 1 26 93 58 46 10 17 70
36 91 39 75 40 62 14 16 8 80 42 57 15 84 31 8 21 7 96 73 13 18 85 52 87 31 58 45 22 80 75 41 18 82 66 77 2 89 55 59 15 54 18 12 70 79 16 78 4 48 52 87 39 81 85 44 91 63 18 49 59 20 41 40 95 83 57 97 49 78 38 8 71 14 31 91 55 82 52 87 2 88 38 15 18 33 25 32 29 76 97 31 95 33 96 57
51 89 24 44 90 37 45 5 16 23 12 45 88 80 82 66 16 0 5 49 11 1 10 62 67 43 57 20 91 83 45 17 13 78 4 87 88 5 27 51 30 78 98 87 85 50 28 98 20 51 70 39 73 66 94 47 73 74 54 61 51 11 87 57 75 28 34 66 24 24 66 92 49 57 56 56 77 5 91 75 41 78 90 27 87 56 65 29 22 5 85 88 69 40 85 36
18 62 73 45 73 82 60 14 85 62 40 52 40 57 51 59 42 26 30 69 46 17 73 54 28 15 74 65 86 75 60 87 19 61 14 61 98 42 8 16 57 83 22 54 85 59 20 40 6 84 42 27 84 74 42 97 93 71 23 32 32 15 40 87 90 39 26 9 92 81 95 41 24 83 46 16 37 29 89 3 89 98 5 62 14 52 64 98 19 84 67 58 38 76 27 33
90 15 62 71 22 22 92 79 34 27 58 86 17 1 34 87 55 27 63 45 14 34 79 71 79 48 16 94 83 13 26 27 74 39 35 5 43 29 71 34 81 25 51 35 86 36 54 37 46 82 35 71 55 86 7 50 52 61 90 35 85 54 53 77 74 3 71 3 84 23 28 70 53 35 68 48 19 35 69 48 61 30 89 38 53 99 66 28 22 88 27 46 14 45 36 23
77 56 91 95 48 28 18 87 80 55 90 6 62 15 44 67 81 13 33 72 7 80 51 29 45 82 40 80 14 1 6 11 69 44 55 32 61 73 80 90 30 83 70 32 10 65 52 51 94 97 88 19 20 55 80 63 43 90 61 49 81 57 68 73 44 88 22 49 87 54 66 99 20 51 84 17 78 91 77 92 73 18 90 0 85 31 75 75 38 84 14 22 49 19 77 75
72 71 92 40 51 84 94 22 32 22 87 20 40 0 72 48 82 25 33 11 29 72 53 10 22 17 61 25 29 93 3 90 78 83 58 67 22 32 42 38 45 90 82 89 26 31 22 14 31 29 25 85 65 70 23 6 60 76 5 63 2 47 18 21 94 91 44 7 69 9 56 58 40 59 51 81 36 8 91 63 40 59 79 91 21 75 51 65 55 47 11 89 63 19 98 24
73 10 57 5 79 37 81 90 68 58 96 66 32 42 59 8 14 17 79 55 51 17 65 19 35 80 45 97 49 7 9 37 86 16 49 41 93 59 52 86 98 5 29 84 21 99 1 84 34 51 19 85 72 97 54 29 71 7 61 85 91 51 4 48 86 6 68 42 34 30 68 40 53 46 69 49 89 46 82 90 92 14 73 7 41 96 90 3 10 94 30 34 39 22 87 12
45 82 41 63 5 11 69 79 42 75 36 4 65 24 55 36 8 18 25 25 88 96 58 40 68 77 22 24 61 70 77 82 87 75 95 61 3 87 5 45 86 42 25 41 60 92 25 57 23 58 36 95 26 53 22 18 92 24 18 70 63 9 19 4 29 84 78 5 66 19 92 17 14 70 4 33 42 74 53 41 19 58 45 66 24 57 9 13 90 23 37 69 69 4 84 51
34 17 95 20 78 76 73 4 14 3 69 41 80 4 10 60 76 49 53 21 65 69 5 89 28 15 20 44 76 42 93 14 72 19 90 17 10 16 88 38 12 82 93 13 35 65 94 22 52 92 43 20 59 4 21 14 51 15 91 35 34 58 84 40 19 92 52 92 38 30 9 51 9 23 23 51 21 93 13 33 52 99 19 93 54 26 1 28 38 27 84 59 23 62 64 12
94 25 1 87 80 10 76 22 77 67 71 3 59 72 52 74 55 88 97 51 10 59 43 21 63 16 17 30 90 60 72 15 65 22 79 42 78 44 11 84 66 24 93 5 33 49 27 75 18 77 57 31 58 67 74 8 70 66 72 6 86 36 93 66 9 49 86 96 10 96 38 13 20 52 33 76 99 13 71 93 36 27 21 92 91 68 75 41 87 33 79 48 71 21 94 60
52 66 58 38 11 35 5 86 72 53 6 56 79 36 86 6 20 45 47 23 96 77 0 24 97 36 82 44 40 61 4 49 85 55 59 99 94 13 95 1 72 52 22 75 51 5 79 1 54 78 69 55 19 57 6 22 61 16 78 15 83 89 63 92 24 66 72 39 38 93 49 11 44 58 67 10 2 26 32 42 36 91 50 52 54 34 1 58 42 65 70 96 23 19 59 94
72 61 39 94 52 39 54 82 87 46 33 63 22 65 70 95 7 32 1 40 88 12 2 60 94 75 6 80 46 94 24 10 58 67 55 85 27 92 43 43 89 78 10 65 25 59 68 59 3 59 86 24 8 3 77 43 33 33 71 80 48 8 88 52 93 43 78 59 45 43 21 96 6 98 95 60 80 10 33 89 54 23 5 54 70 64 12 92 72 16 90 59 1 40 11 74
66 35 82 38 80 26 49 85 95 84 93 1 32 83 61 87 53 27 54 75 15 97 67 21 28 42 40 44 78 25 55 49 87 57 43 76 1 98 10 10 51 7 55 30 73 1 5 17 45 38 40 57 65 76 54 83 46 43 49 93 80 14 51 35 20 87 55 31 51 77 60 24 52 54 96 52 25 39 39 81 62 31 34 98 48 85 79 67 54 78 59 42 71 46 28 10
19 97 90 60 20 2 96 12 28 93 42 11 1 33 87 13 27 76 15 66 41 87 17 46 11 89 51 9 71 4 19 42 17 44 12 36 98 5 78 10 93 77 7 16 70 73 40 46 57 16 12 85 34 62 81 30 91 18 81 28 1 64 3 2 49 38 70 58 79 29 91 93 2 45 96 62 88 85 5 82 59 30 0 34 73 88 76 58 37 47 43 71 79 87 65 59
61 62 55 37 21 70 55 34 87 67 62 45 46 50 70 15 94 4 57 89 91 2 55 85 93 81 9 37 55 19 83 71 79 22 89 44 28 48 51 45 67 19 10 42 88 52 63 10 19 2 38 31 26 71 63 56 21 6 42 7 80 5 30 44 38 51 94 95 37 59 71 73 49 99 33 6 86 8 45 65 97 42 20 97 34 44 22 87 82 83 97 13 92 39 33 26
73 70 30 60 49 65 97 60 20 69 45 3 82 5 54 11 24 55 84 6 77 63 82 0 81 29 80 52 85 82 72 71 20 31 1 8 78 56 88 61 22 24 68 99 37 66 89 96 30 13 38 53 72 58 84 96 29 74 39 56 1 63 89 60 54 12 69 75 76 45 14 92 44 89 21 59 35 62 65 92 57 94 98 80 35 77 60 92 78 24 67 65 78 65 28 17
84 58 65 82 89 47 24 62 31 59 17 44 36 74 2 99 81 30 78 0 21 21 42 18 62 76 30 61 87 16 77 78 73 17 63 99 67 52 29 31 82 83 62 8 25 5 52 86 6 84 81 45 82 45 62 93 48 38 63 18 10 56 45 58 19 14 36 93 97 18 28 76 99 97 68 79 71 46 74 26 23 76 86 63 65 34 22 17 45 69 59 20 75 40 98 89
78 70 98 56 26 82 62 62 97 6 59 25 7 48 21 61 62 42 94 78 3 0 97 48 36 25 60 58 56 78 39 59 63 88 17 55 72 21 33 40 85 93 20 60 82 27 5 32 1 46 22 39 30 68 30 42 51 98 32 88 75 94 75 97 25 51 51 36 56 42 97 38 5 58 3 91 97 29 87 75 34 22 62 26 93 51 13 17 97 81 96 73 55 31 72 78
58 53 93 95 50 71 46 18 83 6 47 59 36 34 51 58 4 35 31 97 19 8 74 52 28 6 80 54 99 16 93 65 91 47 58 16 25 14 79 94 33 19 84 7 13 30 59 79 56 80 80 3 71 72 9 73 23 18 11 48 96 53 69 92 67 95 52 4 16 80 12 33 74 63 95 24 71 9 80 37 52 16 44 63 82 1 13 55 80 3 14 37 81 95 63 62
0 80 76 84 35 47 0 38 28 88 1 64 0 49 66 16 88 75 18 72 57 94 73 80 14 28 84 35 93 21 81 11 9 96 63 88 19 37 66 40 6 7 62 20 69 38 35 47 65 1 4 43 17 65 84 97 54 70 39 35 63 64 17 58 38 58 34 99 22 23 54 78 46 9 35 41 42 71 50 67 88 68 87 48 81 91 14 30 67 70 55 10 32 53 25 89
65 64 87 65 84 16 65 3 68 37 52 9 51 8 76 95 75 85 52 0 75 52 50 84 24 44 78 79 69 15 8 14 39 77 43 28 64 50 50 86 2 75 49 44 41 37 90 68 50 45 17 6 4 15 43 53 82 34 59 44 25 70 44 38 64 57 87 24 26 76 60 46 13 81 80 45 93 50 41 71 79 45 23 17 64 89 71 90 70 74 30 85 55 59 95 13
54 2 38 56 16 44 58 67 84 17 81 0 33 76 56 64 96 68 84 65 28 8 93 98 13 95 17 97 58 50 42 98 55 87 28 82 19 18 67 43 71 48 22 67 41 23 84 1 97 21 12 51 97 96 0 66 32 82 78 16 73 56 76 8 83 28 98 97 11 61 6 36 64 28 64 56 26 0 16 40 81 87 54 92 85 39 84 18 20 0 46 80 20 0 39 22
99 77 48 99 28 80 84 20 72 82 8 50 21 24 30 84 19 24 41 69 49 5 82 24 3 77 84 37 92 18 23 39 39 80 17 56 99 86 52 69 64 29 83 74 36 6 16 0 35 59 27 68 67 72 85 91 73 4 11 96 57 39 34 61 32 84 4 34 5 32 50 40 65 58 67 61 76 74 92 46 98 13 65 46 26 58 35 19 18 91 52 40 76 3 61 76
2 15 65 21 16 60 93 15 48 88 66 40 11 8 36 12 98 63 52 71 3 77 62 60 61 68 51 17 51 49 63 90 89 35 41 0 24 23 68 71 31 23 67 56 50 31 39 33 15 91 92 35 43 62 94 89 40 92 47 82 10 50 86 33 12 39 98 2 61 99 34 74 15 73 57 87 60 15 7 42 76 41 3 6 59 87 27 30 65 23 58 88 28 51 20 77
68 49 40 31 34 40 18 90 44 66 52 66 39 78 86 38 50 63 22 60 68 3 81 28 95 0 85 15 90 59 61 94 64 24 25 42 98 57 65 79 39 54 93 66 46 26 0 26 80 22 39 54 85 74 93 44 35 50 28 90 77 82 29 50 50 48 90 29 69 12 11 76 76 34 83 30 38 57 28 14 82 80 77 5 88 77 81 10 70 59 46 70 84 29 7 15
36 16 82 35 68 7 62 1 60 7 92 90 23 46 89 61 52 64 5 9 3 50 39 77 25 18 22 15 73 97 71 77 79 50 79 78 50 91 98 11 18 63 68 82 0 47 95 5 19 87 93 92 59 64 90 4 93 3 59 92 95 57 15 38 26 67 23 72 38 41 70 77 21 98 14 62 28 27 34 97 27 81 29 17 64 27 16 38 72 85 40 88 82 74 55 71
33 25 86 15 65 80 31 2 28 71 23 62 25 24 61 18 94 34 88 49 10 88 10 49 15 77 86 93 19 44 81 88 98 0 88 80 18 1 0 22 50 33 34 52 85 2 6 73 87 81 47 69 3 4 46 69 17 45 81 47 46 21 63 99 49 97 86 40 95 60 0 58 29 32 2 38 20 88 74 29 94 41 61 75 6 12 19 78 84 50 84 99 69 61 11 64
6 15 99 6 10 85 24 73 64 85 43 34 84 80 42 74 37 57 41 18 77 29 10 17 35 34 74 73 64 50 0 28 29 56 25 2 27 90 64 56 1 34 52 39 43 13 49 67 54 59 48 4 79 24 8 26 1 48 70 73 38 9 44 11 14 80 14 11 60 70 85 56 65 32 41 38 27 89 63 50 63 78 84 32 87 6 82 54 48 93 29 80 59 83 85 54
52 17 36 24 35 53 15 86 99 50 35 50 94 9 66 13 76 88 43 24 46 95 10 98 95 52 58 41 98 24 98 43 47 19 81 89 35 9 44 59 31 87 51 11 48 93 89 25 99 8 8 44 24 63 73 23 85 30 48 10 5 96 77 95 90 69 63 18 60 38 2 85 44 76 88 86 61 47 76 59 11 40 9 71 26 57 2 15 89 67 30 32 77 63 66 52
84 86 84 68 45 21 29 3 5 96 13 47 28 11 53 1 64 29 9 82 12 58 18 21 18 84 35 36 1 95 85 14 49 82 10 44 18 23 64 77 92 71 87 57 63 58 41 1 62 26 7 96 73 52 66 57 4 29 64 64 30 42 0 53 40 34 60 61 60 5 50 57 58 10 35 80 31 43 40 48 47 1 7 21 57 24 6 93 55 12 7 81 51 37 89 53
54 56 22 94 31 43 19 14 0 49 71 37 93 66 20 17 87 30 24 28 42 10 49 77 42 43 7 21 56 33 12 90 69 90 37 21 47 84 13 26 67 44 26 53 94 37 68 8 63 94 57 11 83 7 7 82 49 57 11 9 61 64 79 66 20 81 99 49 49 9 47 60 92 25 33 79 96 50 66 78 54 72 52 10 40 31 0 26 52 66 89 98 76 47 10 19
23 36 31 40 97 11 71 84 65 56 23 83 99 85 87 64 67 13 48 35 54 26 61 12 9 90 72 73 40 48 6 90 31 27 80 42 64 98 9 27 98 32 21 35 27 96 55 46 2 26 59 3 75 37 54 46 24 60 19 85 44 92 72 43 66 19 10 86 81 87 78 73 47 30 10 6 69 50 4 67 78 18 29 40 84 8 93 49 84 71 67 53 57 88 24 21
99 28 68 37 5 94 81 53 61 10 97 83 76 57 75 97 20 21 97 64 39 73 54 74 78 24 59 25 14 98 94 49 38 59 12 40 21 43 93 62 24 92 75 52 58 79 95 9 56 35 67 63 31 15 78 16 35 29 25 7 82 0 8 95 59 32 93 22 90 7 57 62 30 76 97 79 97 95 15 86 55 23 15 8 45 12 69 4 61 14 29 66 45 75 55 11
87 48 86 18 5 82 68 79 8 2 98 7 69 75 93 80 30 90 57 44 44 71 92 58 66 47 15 29 17 60 29 76 8 46 25 28 27 43 8 61 21 64 84 7 27 22 52 62 16 11 49 30 86 96 90 8 47 60 56 94 22 0 16 9 92 39 19 9 88 94 53 96 19 13 73 32 60 8 56 80 92 8 69 40 74 18 14 84 7 26 34 52 56 94 43 5
11 40 42 45 65 8 14 25 41 18 43 78 50 85 9 3 69 8 13 85 65 12 66 52 40 48 30 31 33 2 0 77 88 3 4 19 45 54 37 34 73 83 3 89 22 17 26 64 69 82 43 40 51 71 50 15 9 28 4 80 38 60 28 52 72 61 62 20 33 59 4 11 20 27 37 16 79 85 66 53 10 49 67 20 43 71 20 51 76 50 2 67 22 3 74 21
51 27 38 64 83 26 24 0 99 50 83 92 54 92 2 1 78 16 51 69 4 0 56 85 2 25 31 2 6 0 41 0 81 70 87 57 5 49 13 69 21 9 20 16 4 95 60 61 57 5 91 26 89 40 1 93 50 16 77 17 41 9 41 60 72 71 63 74 39 63 24 22 20 97 1 32 81 14 60 49 74 92 44 52 24 9 27 52 90 29 62 72 14 64 30 87
80 0 76 27 41 73 90 34 83 30 3 16 66 43 83 89 96 16 91 1 30 32 37 42 82 29 72 93 21 78 84 92 68 45 82 21 85 36 28 12 54 98 32 56 56 74 62 83 14 51 84 77 41 69 38 34 88 17 34 31 7 76 58 65 8 0 6 68 50 95 77 80 48 86 25 53 86 47 19 16 13 16 12 71 93 63 57 18 21 75 69 57 33 44 83 38
81 14 23 61 92 63 27 0 83 4 57 19 30 75 7 88 60 83 14 37 96 83 13 30 73 16 75 27 78 82 70 59 86 48 77 71 31 4 13 64 15 90 24 23 24 86 38 87 48 37 77 67 89 85 37 87 2 10 10 36 16 84 7 19 93 15 59 81 63 21 13 30 45 77 36 70 15 43 25 29 51 1 27 71 85 58 30 71 83 6 52 77 70 97 1 60
12 94 60 90 62 33 29 31 55 97 4 90 59 10 55 63 31 37 20 19 81 94 6 47 43 9 81 21 0 19 91 2 1 40 37 55 7 26 20 93 26 52 14 53 42 26 89 42 52 43 26 86 33 56 54 32 11 0 27 7 73 68 18 88 42 22 62 13 74 31 27 62 65 25 68 15 21 43 81 36 34 22 57 17 17 94 70 1 51 15 10 17 76 34 72 79
76 29 68 29 82 31 54 91 80 54 59 49 8 72 93 31 82 14 53 18 34 97 91 48 48 99 11 91 98 95 2 3 73 44 10 94 88 46 15 21 23 94 83 85 0 48 49 41 16 60 55 76 4 39 1 39 50 36 90 60 28 89 50 10 57 31 97 17 16 83 8 10 77 25 18 36 34 79 78 23 71 30 12 17 6 35 42 83 31 69 41 78 27 28 81 79
9 44 53 10 44 69 38 50 6 95 20 43 91 14 76 31 83 59 27 76 93 74 68 25 6 8 46 41 62 29 39 5 4 52 1 4 95 87 53 3 13 46 26 28 91 9 12 60 48 78 79 89 85 18 36 73 22 47 58 45 34 39 5 10 28 80 89 69 41 79 38 19 95 88 69 76 77 43 70 17 16 41 68 82 39 38 79 78 66 3 93 18 22 54 37 92
96 0 65 74 71 47 57 31 32 40 0 39 4 31 31 84 51 94 27 8 47 32 14 13 60 1 50 42 52 20 47 22 22 72 23 8 69 77 61 99 39 55 73 97 95 8 52 63 52 86 63 95 76 96 74 37 86 34 72 21 4 25 86 18 72 37 34 30 77 25 46 5 19 61 1 26 25 84 10 18 8 29 19 88 33 1 77 19 30 51 79 54 49 34 73 41
45 36 87 63 5 90 16 72 31 88 14 13 38 89 15 5 63 30 39 62 57 60 36 85 40 57 3 83 12 13 88 61 54 44 61 41 83 34 91 21 20 10 71 74 37 44 3 15 81 19 47 79 87 39 49 94 61 1 73 87 46 35 85 19 82 67 44 10 14 49 29 19 97 85 62 78 63 35 36 10 59 21 13 30 56 75 88 45 10 78 58 69 52 99 2 25
82 22 77 89 17 94 47 72 66 57 81 35 34 15 95 66 68 15 28 78 70 77 47 78 86 93 8 93 61 28 76 59 19 34 45 6 0 87 21 65 47 92 97 88 38 45 35 91 39 0 97 74 90 9 28 42 72 1 92 64 40 10 85 55 44 93 0 24 75 43 74 4 46 58 66 18 1 11 29 90 13 10 43 35 0 26 52 64 57 7 63 43 77 58 58 86
5 10 11 82 67 88 52 42 30 6 82 3 37 12 18 34 32 4 21 56 23 22 35 96 97 8 28 29 59 23 40 76 83 93 7 66 34 42 33 94 54 69 58 69 17 11 74 11 60 68 4 23 24 83 66 85 55 29 71 51 71 86 96 2 88 99 20 22 71 59 34 24 51 57 89 85 3 92 76 55 99 53 8 81 45 74 39 56 36 52 95 21 96 72 36 32
34 9 84 58 85 40 78 22 73 36 27 80 54 83 83 57 31 39 94 3 15 49 27 39 75 5 87 37 64 20 55 23 50 50 54 62 82 44 50 93 61 70 7 36 63 83 61 24 72 85 44 8 85 1 75 56 78 17 29 67 15 28 45 72 9 71 84 22 17 32 65 53 52 13 40 17 66 32 88 65 33 58 55 97 13 87 45 4 90 23 62 61 38 55 1 90
27 33 54 43 42 60 58 93 2 90 50 89 74 4 61 69 15 63 23 56 67 44 2 59 24 37 50 81 52 84 0 7 42 97 90 94 11 80 93 46 39 85 32 99 22 76 21 31 24 53 14 56 17 92 50 73 5 71 85 16 24 56 78 54 62 58 20 11 59 21 22 42 73 30 49 28 31 1 91 85 27 38 45 67 16 11 44 51 6 71 42 0 62 72 53 7
6 6 44 35 29 68 70 91 88 53 19 6 12 49 41 18 28 20 42 2 58 20 64 32 46 12 87 65 70 1 6 45 4 25 2 19 3 67 59 13 64 54 5 45 80 18 90 84 80 72 67 52 82 31 84 81 96 31 42 68 34 15 88 2 20 12 42 13 74 20 11 66 17 45 45 72 51 21 39 81 42 3 55 90 81 58 66 62 32 11 69 51 27 73 65 73
66 81 51 73 21 54 80 18 99 47 1 55 92 9 98 72 15 48 21 11 22 46 72 16 9 59 65 14 54 0 62 90 8 61 82 38 69 0 85 95 46 35 56 59 52 6 97 10 77 5 46 86 90 89 24 42 43 22 32 48 31 94 97 86 55 53 6 34 38 76 4 43 92 5 91 96 0 21 18 93 91 65 64 40 91 52 39 21 41 65 97 35 36 16 30 11
22 47 41 34 44 6 75 95 73 19 91 19 79 85 61 80 39 26 75 45 80 28 5 76 3 51 72 55 97 42 27 82 98 22 84 55 70 93 68 3 67 48 27 33 43 28 99 12 76 20 99 98 43 16 31 27 25 3 87 41 97 98 61 50 2 24 85 72 35 42 77 50 42 80 18 99 15 27 98 48 80 94 67 16 74 0 56 91 14 52 83 69 81 43 15 84
42 33 31 44 30 79 12 94 66 88 39 21 1 72 67 87 34 32 80 61 46 25 88 39 43 42 41 44 13 89 10 87 24 63 65 86 95 44 69 40 88 69 22 86 72 58 55 87 26 84 42 68 48 87 31 79 55 2 54 24 97 40 38 18 64 91 25 56 33 92 90 99 54 13 11 64 17 71 19 40 15 85 99 53 78 10 38 81 0 87 15 13 48 77 8 3
