north: 5582000.000000
south: 5580000.000000
east: 402000.000000
west: 400000.000000
top: 300.000000
bottom: 100.000000
rows: 100
cols: 100
levels: 5
-0.13874336 -0.12129627 -0.10385981 -0.08643930 -0.06904003 -0.05166731 -0.03432643 -0.01702267 0.00023869 0.01745241 0.03461322 0.05171592 0.06875528 0.08572612 0.10262327 0.11944158 0.13617593 0.15282122 0.16937238 0.18582437 0.20217218 0.21841082 0.23453536 0.25054087 0.26642249 0.28217538 0.29779473 0.31327579 0.32861385 0.34380423 0.35884230 0.37372349 0.38844326 0.40299713 0.41738067 0.43158948 0.44561925 0.45946570 0.47312462 0.48659184 0.49986326 0.51293484 0.52580259 0.53846260 0.55091101 0.56314403 0.57515793 0.58694905 0.59851381 0.60984867 0.62095019 0.63181498 0.64243974 0.65282122 0.66295627 0.67284180 0.68247480 0.69185232 0.70097153 0.70982963 0.71842394 0.72675182 0.73481075 0.74259828 0.75011202 0.75734969 0.76430908 0.77098808 0.77738466 0.78349685 0.78932280 0.79486075 0.80010898 0.80506592 0.80973006 0.81409996 0.81817429 0.82195183 0.82543141 0.82861198 0.83149257 0.83407230 0.83635038 0.83832612 0.83999893 0.84136828 0.84243376 0.84319506 0.84365192 0.84380423 0.84365192 0.84319506 0.84243376 0.84136828 0.83999893 0.83832612 0.83635038 0.83407230 0.83149257 0.82861198 
-0.12152965 -0.10408256 -0.08664610 -0.06922558 -0.05182632 -0.03445360 -0.01711272 0.00019104 0.01745241 0.03466612 0.05182694 0.06892963 0.08596900 0.10293984 0.11983699 0.13665530 0.15338965 0.17003494 0.18658610 0.20303808 0.21938589 0.23562453 0.25174907 0.26775458 0.28363620 0.29938909 0.31500844 0.33048950 0.34582756 0.36101794 0.37605602 0.39093721 0.40565698 0.42021084 0.43459438 0.44880319 0.46283296 0.47667942 0.49033833 0.50380555 0.51707697 0.53014855 0.54301630 0.55567631 0.56812472 0.58035774 0.59237164 0.60416277 0.61572752 0.62706238 0.63816390 0.64902870 0.65965345 0.67003494 0.68016999 0.69005551 0.69968851 0.70906604 0.71818524 0.72704335 0.73563765 0.74396553 0.75202447 0.75981199 0.76732573 0.77456340 0.78152279 0.78820180 0.79459837 0.80071056 0.80653652 0.81207446 0.81732270 0.82227964 0.82694377 0.83131367 0.83538801 0.83916554 0.84264512 0.84582569 0.84870628 0.85128601 0.85356409 0.85553984 0.85721264 0.85858199 0.85964748 0.86040877 0.86086564 0.86101794 0.86086564 0.86040877 0.85964748 0.85858199 0.85721264 0.85553984 0.85356409 0.85128601 0.84870628 0.84582569 
-0.10426829 -0.08682120 -0.06938474 -0.05196422 -0.03456495 -0.01719223 0.00014865 0.01745241 0.03471377 0.05192748 0.06908830 0.08619100 0.10323036 0.12020120 0.13709835 0.15391666 0.17065101 0.18729630 0.20384746 0.22029945 0.23664726 0.25288590 0.26901043 0.28501595 0.30089757 0.31665045 0.33226981 0.34775087 0.36308893 0.37827931 0.39331738 0.40819857 0.42291834 0.43747221 0.45185574 0.46606456 0.48009433 0.49394078 0.50759970 0.52106692 0.53433833 0.54740991 0.56027767 0.57293768 0.58538609 0.59761911 0.60963301 0.62142413 0.63298889 0.64432375 0.65542527 0.66629006 0.67691482 0.68729630 0.69743135 0.70731688 0.71694987 0.72632740 0.73544661 0.74430471 0.75289901 0.76122690 0.76928583 0.77707335 0.78458709 0.79182476 0.79878416 0.80546316 0.81185973 0.81797193 0.82379788 0.82933582 0.83458406 0.83954100 0.84420513 0.84857503 0.85264937 0.85642691 0.85990649 0.86308706 0.86596765 0.86854737 0.87082546 0.87280120 0.87447400 0.87584336 0.87690884 0.87767013 0.87812700 0.87827931 0.87812700 0.87767013 0.87690884 0.87584336 0.87447400 0.87280120 0.87082546 0.86854737 0.86596765 0.86308706 
-0.08696453 -0.06951744 -0.05208098 -0.03466046 -0.01726119 0.00011153 0.01745241 0.03475616 0.05201753 0.06923124 0.08639206 0.10349475 0.12053412 0.13750496 0.15440211 0.17122042 0.18795477 0.20460006 0.22115122 0.23760321 0.25395101 0.27018966 0.28631419 0.30231971 0.31820132 0.33395421 0.34957356 0.36505463 0.38039268 0.39558306 0.41062114 0.42550233 0.44022210 0.45477597 0.46915950 0.48336832 0.49739809 0.51124454 0.52490345 0.53837067 0.55164209 0.56471367 0.57758142 0.59024143 0.60268984 0.61492286 0.62693676 0.63872789 0.65029264 0.66162751 0.67272902 0.68359382 0.69421857 0.70460006 0.71473511 0.72462064 0.73425363 0.74363116 0.75275036 0.76160847 0.77020277 0.77853066 0.78658959 0.79437711 0.80189085 0.80912852 0.81608792 0.82276692 0.82916349 0.83527568 0.84110164 0.84663958 0.85188782 0.85684476 0.86150889 0.86587879 0.86995313 0.87373066 0.87721025 0.88039082 0.88327140 0.88585113 0.88812921 0.89010496 0.89177776 0.89314711 0.89421260 0.89497389 0.89543076 0.89558306 0.89543076 0.89497389 0.89421260 0.89314711 0.89177776 0.89010496 0.88812921 0.88585113 0.88327140 0.88039082 
-0.06962365 -0.05217656 -0.03474010 -0.01731958 0.00007969 0.01745241 0.03479329 0.05209704 0.06935841 0.08657212 0.10373294 0.12083563 0.13787500 0.15484584 0.17174299 0.18856130 0.20529565 0.22194094 0.23849210 0.25494409 0.27129189 0.28753054 0.30365507 0.31966059 0.33554220 0.35129509 0.36691444 0.38239551 0.39773356 0.41292394 0.42796202 0.44284321 0.45756298 0.47211685 0.48650038 0.50070920 0.51473897 0.52858542 0.54224433 0.55571155 0.56898297 0.58205455 0.59492230 0.60758231 0.62003072 0.63226374 0.64427764 0.65606877 0.66763352 0.67896839 0.69006990 0.70093470 0.71155945 0.72194094 0.73207599 0.74196152 0.75159451 0.76097204 0.77009124 0.77894935 0.78754365 0.79587154 0.80393047 0.81171799 0.81923173 0.82646940 0.83342880 0.84010780 0.84650437 0.85261656 0.85844252 0.86398046 0.86922870 0.87418564 0.87884977 0.88321967 0.88729401 0.89107154 0.89455113 0.89773170 0.90061228 0.90319201 0.90547009 0.90744584 0.90911864 0.91048799 0.91155348 0.91231477 0.91277164 0.91292394 0.91277164 0.91231477 0.91155348 0.91048799 0.90911864 0.90744584 0.90547009 0.90319201 0.90061228 0.89773170 
-0.05225093 -0.03480384 -0.01736738 0.00005314 0.01745241 0.03482513 0.05216601 0.06946976 0.08673113 0.10394484 0.12110566 0.13820835 0.15524772 0.17221856 0.18911571 0.20593402 0.22266837 0.23931366 0.25586482 0.27231681 0.28866461 0.30490326 0.32102779 0.33703331 0.35291493 0.36866781 0.38428716 0.39976823 0.41510628 0.43029666 0.44533474 0.46021593 0.47493570 0.48948957 0.50387310 0.51808192 0.53211169 0.54595814 0.55961705 0.57308427 0.58635569 0.59942727 0.61229502 0.62495503 0.63740344 0.64963646 0.66165037 0.67344149 0.68500624 0.69634111 0.70744263 0.71830742 0.72893217 0.73931366 0.74944871 0.75933424 0.76896723 0.77834476 0.78746396 0.79632207 0.80491637 0.81324426 0.82130319 0.82909071 0.83660445 0.84384212 0.85080152 0.85748052 0.86387709 0.86998928 0.87581524 0.88135318 0.88660142 0.89155836 0.89622249 0.90059239 0.90466673 0.90844426 0.91192385 0.91510442 0.91798500 0.92056473 0.92284282 0.92481856 0.92649136 0.92786071 0.92892620 0.92968749 0.93014436 0.93029666 0.93014436 0.92968749 0.92892620 0.92786071 0.92649136 0.92481856 0.92284282 0.92056473 0.91798500 0.91510442 
-0.03485166 -0.01740457 0.00003189 0.01745241 0.03485168 0.05222440 0.06956528 0.08686903 0.10413040 0.12134411 0.13850493 0.15560762 0.17264699 0.18961783 0.20651498 0.22333329 0.24006764 0.25671293 0.27326409 0.28971608 0.30606388 0.32230253 0.33842706 0.35443258 0.37031419 0.38606708 0.40168643 0.41716750 0.43250555 0.44769593 0.46273401 0.47761520 0.49233497 0.50688884 0.52127237 0.53548118 0.54951096 0.56335741 0.57701632 0.59048354 0.60375496 0.61682654 0.62969429 0.64235430 0.65480271 0.66703573 0.67904963 0.69084076 0.70240551 0.71374038 0.72484189 0.73570669 0.74633144 0.75671293 0.76684798 0.77673351 0.78636650 0.79574403 0.80486323 0.81372134 0.82231564 0.83064353 0.83870246 0.84648998 0.85400372 0.86124139 0.86820079 0.87487979 0.88127636 0.88738855 0.89321451 0.89875245 0.90400069 0.90895763 0.91362176 0.91799166 0.92206600 0.92584353 0.92932312 0.93250369 0.93538427 0.93796400 0.94024208 0.94221783 0.94389063 0.94525998 0.94632547 0.94708676 0.94754363 0.94769593 0.94754363 0.94708676 0.94632547 0.94525998 0.94389063 0.94221783 0.94024208 0.93796400 0.93538427 0.93250369 
-0.01743114 0.00001595 0.01745241 0.03487292 0.05227219 0.06964491 0.08698579 0.10428955 0.12155092 0.13876463 0.15592545 0.17302814 0.19006750 0.20703835 0.22393550 0.24075381 0.25748815 0.27413344 0.29068460 0.30713659 0.32348440 0.33972304 0.35584758 0.37185309 0.38773471 0.40348760 0.41910695 0.43458801 0.44992607 0.46511645 0.48015453 0.49503571 0.50975549 0.52430935 0.53869289 0.55290170 0.56693147 0.58077793 0.59443684 0.60790406 0.62117548 0.63424706 0.64711481 0.65977482 0.67222323 0.68445625 0.69647015 0.70826128 0.71982603 0.73116089 0.74226241 0.75312720 0.76375196 0.77413344 0.78426849 0.79415402 0.80378702 0.81316455 0.82228375 0.83114185 0.83973616 0.84806404 0.85612297 0.86391050 0.87142424 0.87866191 0.88562130 0.89230030 0.89869688 0.90480907 0.91063503 0.91617297 0.92142121 0.92637815 0.93104228 0.93541218 0.93948651 0.94326405 0.94674363 0.94992420 0.95280479 0.95538452 0.95766260 0.95963835 0.96131115 0.96268050 0.96374598 0.96450728 0.96496415 0.96511645 0.96496415 0.96450728 0.96374598 0.96268050 0.96131115 0.95963835 0.95766260 0.95538452 0.95280479 0.94992420 
0.00000532 0.01745241 0.03488887 0.05230938 0.06970865 0.08708137 0.10442225 0.12172601 0.13898737 0.15620109 0.17336191 0.19046460 0.20750396 0.22447481 0.24137195 0.25819027 0.27492461 0.29156990 0.30812106 0.32457305 0.34092086 0.35715950 0.37328404 0.38928955 0.40517117 0.42092406 0.43654341 0.45202447 0.46736253 0.48255291 0.49759098 0.51247217 0.52719194 0.54174581 0.55612935 0.57033816 0.58436793 0.59821439 0.61187330 0.62534052 0.63861194 0.65168352 0.66455127 0.67721128 0.68965969 0.70189271 0.71390661 0.72569774 0.73726249 0.74859735 0.75969887 0.77056366 0.78118842 0.79156990 0.80170495 0.81159048 0.82122348 0.83060101 0.83972021 0.84857831 0.85717262 0.86550050 0.87355943 0.88134696 0.88886070 0.89609837 0.90305776 0.90973676 0.91613334 0.92224553 0.92807149 0.93360943 0.93885767 0.94381461 0.94847874 0.95284864 0.95692297 0.96070051 0.96418009 0.96736066 0.97024125 0.97282098 0.97509906 0.97707481 0.97874761 0.98011696 0.98118244 0.98194374 0.98240060 0.98255291 0.98240060 0.98194374 0.98118244 0.98011696 0.97874761 0.97707481 0.97509906 0.97282098 0.97024125 0.96736066 
0.01745241 0.03489950 0.05233596 0.06975647 0.08715574 0.10452846 0.12186934 0.13917310 0.15643447 0.17364818 0.19080900 0.20791169 0.22495105 0.24192190 0.25881905 0.27563736 0.29237170 0.30901699 0.32556815 0.34202014 0.35836795 0.37460659 0.39073113 0.40673664 0.42261826 0.43837115 0.45399050 0.46947156 0.48480962 0.50000000 0.51503807 0.52991926 0.54463904 0.55919290 0.57357644 0.58778525 0.60181502 0.61566148 0.62932039 0.64278761 0.65605903 0.66913061 0.68199836 0.69465837 0.70710678 0.71933980 0.73135370 0.74314483 0.75470958 0.76604444 0.77714596 0.78801075 0.79863551 0.80901699 0.81915204 0.82903757 0.83867057 0.84804810 0.85716730 0.86602540 0.87461971 0.88294759 0.89100652 0.89879405 0.90630779 0.91354546 0.92050485 0.92718385 0.93358043 0.93969262 0.94551858 0.95105652 0.95630476 0.96126170 0.96592583 0.97029573 0.97437006 0.97814760 0.98162718 0.98480775 0.98768834 0.99026807 0.99254615 0.99452190 0.99619470 0.99756405 0.99862953 0.99939083 0.99984770 1.00000000 0.99984770 0.99939083 0.99862953 0.99756405 0.99619470 0.99452190 0.99254615 0.99026807 0.98768834 0.98480775 
0.03490481 0.05235190 0.06978836 0.08720888 0.10460815 0.12198087 0.13932175 0.15662551 0.17388687 0.19110058 0.20826140 0.22536410 0.24240346 0.25937430 0.27627145 0.29308976 0.30982411 0.32646940 0.34302056 0.35947255 0.37582036 0.39205900 0.40818353 0.42418905 0.44007067 0.45582355 0.47144291 0.48692397 0.50226203 0.51745241 0.53249048 0.54737167 0.56209144 0.57664531 0.59102884 0.60523766 0.61926743 0.63311388 0.64677280 0.66024002 0.67351144 0.68658301 0.69945077 0.71211078 0.72455919 0.73679221 0.74880611 0.76059723 0.77216199 0.78349685 0.79459837 0.80546316 0.81608792 0.82646940 0.83660445 0.84648998 0.85612297 0.86550050 0.87461971 0.88347781 0.89207211 0.90040000 0.90845893 0.91624645 0.92376019 0.93099786 0.93795726 0.94463626 0.95103283 0.95714503 0.96297098 0.96850892 0.97375716 0.97871410 0.98337823 0.98774813 0.99182247 0.99560001 0.99907959 1.00226016 1.00514075 1.00772048 1.00999856 1.01197430 1.01364710 1.01501646 1.01608194 1.01684323 1.01730010 1.01745241 1.01730010 1.01684323 1.01608194 1.01501646 1.01364710 1.01197430 1.00999856 1.00772048 1.00514075 1.00226016 
0.05235722 0.06980431 0.08724077 0.10466129 0.12206056 0.13943328 0.15677416 0.17407791 0.19133928 0.20855299 0.22571381 0.24281650 0.25985587 0.27682671 0.29372386 0.31054217 0.32727652 0.34392181 0.36047297 0.37692496 0.39327276 0.40951141 0.42563594 0.44164146 0.45752307 0.47327596 0.48889531 0.50437638 0.51971443 0.53490481 0.54994289 0.56482408 0.57954385 0.59409772 0.60848125 0.62269007 0.63671984 0.65056629 0.66422520 0.67769242 0.69096384 0.70403542 0.71690317 0.72956318 0.74201159 0.75424461 0.76625851 0.77804964 0.78961439 0.80094926 0.81205077 0.82291557 0.83354032 0.84392181 0.85405686 0.86394239 0.87357538 0.88295291 0.89207211 0.90093022 0.90952452 0.91785241 0.92591134 0.93369886 0.94121260 0.94845027 0.95540967 0.96208867 0.96848524 0.97459743 0.98042339 0.98596133 0.99120957 0.99616651 1.00083064 1.00520054 1.00927488 1.01305241 1.01653200 1.01971257 1.02259315 1.02517288 1.02745096 1.02942671 1.03109951 1.03246886 1.03353435 1.03429564 1.03475251 1.03490481 1.03475251 1.03429564 1.03353435 1.03246886 1.03109951 1.02942671 1.02745096 1.02517288 1.02259315 1.01971257 
0.06980431 0.08725140 0.10468786 0.12210838 0.13950765 0.15688037 0.17422125 0.19152500 0.20878637 0.22600008 0.24316090 0.26026359 0.27730296 0.29427380 0.31117095 0.32798926 0.34472361 0.36136890 0.37792006 0.39437205 0.41071985 0.42695850 0.44308303 0.45908855 0.47497016 0.49072305 0.50634240 0.52182347 0.53716152 0.55235190 0.56738998 0.58227117 0.59699094 0.61154481 0.62592834 0.64013716 0.65416693 0.66801338 0.68167229 0.69513951 0.70841093 0.72148251 0.73435026 0.74701027 0.75945868 0.77169170 0.78370560 0.79549673 0.80706148 0.81839635 0.82949786 0.84036266 0.85098741 0.86136890 0.87150395 0.88138948 0.89102247 0.90040000 0.90951920 0.91837731 0.92697161 0.93529950 0.94335843 0.95114595 0.95865969 0.96589736 0.97285676 0.97953576 0.98593233 0.99204452 0.99787048 1.00340842 1.00865666 1.01361360 1.01827773 1.02264763 1.02672197 1.03049950 1.03397909 1.03715966 1.04004024 1.04261997 1.04489805 1.04687380 1.04854660 1.04991595 1.05098144 1.05174273 1.05219960 1.05235190 1.05219960 1.05174273 1.05098144 1.04991595 1.04854660 1.04687380 1.04489805 1.04261997 1.04004024 1.03715966 
0.08724077 0.10468786 0.12212432 0.13954484 0.15694411 0.17431683 0.19165771 0.20896146 0.22622283 0.24343654 0.26059736 0.27770005 0.29473942 0.31171026 0.32860741 0.34542572 0.36216007 0.37880536 0.39535652 0.41180851 0.42815631 0.44439496 0.46051949 0.47652501 0.49240662 0.50815951 0.52377886 0.53925993 0.55459798 0.56978836 0.58482644 0.59970763 0.61442740 0.62898127 0.64336480 0.65757361 0.67160339 0.68544984 0.69910875 0.71257597 0.72584739 0.73891897 0.75178672 0.76444673 0.77689514 0.78912816 0.80114206 0.81293319 0.82449794 0.83583281 0.84693432 0.85779912 0.86842387 0.87880536 0.88894041 0.89882594 0.90845893 0.91783646 0.92695566 0.93581377 0.94440807 0.95273596 0.96079489 0.96858241 0.97609615 0.98333382 0.99029322 0.99697222 1.00336879 1.00948098 1.01530694 1.02084488 1.02609312 1.03105006 1.03571419 1.04008409 1.04415843 1.04793596 1.05141555 1.05459612 1.05747670 1.06005643 1.06233451 1.06431026 1.06598306 1.06735241 1.06841790 1.06917919 1.06963606 1.06978836 1.06963606 1.06917919 1.06841790 1.06735241 1.06598306 1.06431026 1.06233451 1.06005643 1.05747670 1.05459612 
0.10466129 0.12210838 0.13954484 0.15696535 0.17436462 0.19173734 0.20907822 0.22638198 0.24364335 0.26085706 0.27801788 0.29512057 0.31215993 0.32913078 0.34602793 0.36284624 0.37958058 0.39622587 0.41277703 0.42922902 0.44557683 0.46181547 0.47794001 0.49394552 0.50982714 0.52558003 0.54119938 0.55668044 0.57201850 0.58720888 0.60224696 0.61712814 0.63184792 0.64640178 0.66078532 0.67499413 0.68902390 0.70287036 0.71652927 0.72999649 0.74326791 0.75633949 0.76920724 0.78186725 0.79431566 0.80654868 0.81856258 0.83035371 0.84191846 0.85325332 0.86435484 0.87521963 0.88584439 0.89622587 0.90636092 0.91624645 0.92587945 0.93525698 0.94437618 0.95323428 0.96182859 0.97015647 0.97821540 0.98600293 0.99351667 1.00075434 1.00771373 1.01439273 1.02078931 1.02690150 1.03272746 1.03826540 1.04351364 1.04847058 1.05313471 1.05750461 1.06157894 1.06535648 1.06883606 1.07201663 1.07489722 1.07747695 1.07975503 1.08173078 1.08340358 1.08477293 1.08583841 1.08659971 1.08705658 1.08720888 1.08705658 1.08659971 1.08583841 1.08477293 1.08340358 1.08173078 1.07975503 1.07747695 1.07489722 1.07201663 
0.12206056 0.13950765 0.15694411 0.17436462 0.19176389 0.20913661 0.22647749 0.24378125 0.26104261 0.27825633 0.29541714 0.31251984 0.32955920 0.34653004 0.36342719 0.38024551 0.39697985 0.41362514 0.43017630 0.44662829 0.46297610 0.47921474 0.49533928 0.51134479 0.52722641 0.54297930 0.55859865 0.57407971 0.58941777 0.60460815 0.61964622 0.63452741 0.64924718 0.66380105 0.67818459 0.69239340 0.70642317 0.72026962 0.73392854 0.74739576 0.76066718 0.77373876 0.78660651 0.79926652 0.81171493 0.82394795 0.83596185 0.84775297 0.85931773 0.87065259 0.88175411 0.89261890 0.90324366 0.91362514 0.92376019 0.93364572 0.94327872 0.95265625 0.96177545 0.97063355 0.97922786 0.98755574 0.99561467 1.00340220 1.01091594 1.01815361 1.02511300 1.03179200 1.03818858 1.04430077 1.05012672 1.05566467 1.06091291 1.06586985 1.07053398 1.07490388 1.07897821 1.08275575 1.08623533 1.08941590 1.09229649 1.09487622 1.09715430 1.09913004 1.10080285 1.10217220 1.10323768 1.10399898 1.10445584 1.10460815 1.10445584 1.10399898 1.10323768 1.10217220 1.10080285 1.09913004 1.09715430 1.09487622 1.09229649 1.08941590 
0.13943328 0.15688037 0.17431683 0.19173734 0.20913661 0.22650933 0.24385021 0.26115397 0.27841533 0.29562905 0.31278987 0.32989256 0.34693192 0.36390277 0.38079991 0.39761823 0.41435257 0.43099786 0.44754902 0.46400101 0.48034882 0.49658746 0.51271200 0.52871751 0.54459913 0.56035202 0.57597137 0.59145243 0.60679049 0.62198087 0.63701894 0.65190013 0.66661990 0.68117377 0.69555731 0.70976612 0.72379589 0.73764235 0.75130126 0.76476848 0.77803990 0.79111148 0.80397923 0.81663924 0.82908765 0.84132067 0.85333457 0.86512570 0.87669045 0.88802531 0.89912683 0.90999162 0.92061638 0.93099786 0.94113291 0.95101844 0.96065144 0.97002897 0.97914817 0.98800627 0.99660058 1.00492846 1.01298739 1.02077492 1.02828866 1.03552633 1.04248572 1.04916472 1.05556130 1.06167349 1.06749945 1.07303739 1.07828563 1.08324257 1.08790670 1.09227660 1.09635093 1.10012847 1.10360805 1.10678862 1.10966921 1.11224894 1.11452702 1.11650277 1.11817557 1.11954492 1.12061040 1.12137170 1.12182856 1.12198087 1.12182856 1.12137170 1.12061040 1.11954492 1.11817557 1.11650277 1.11452702 1.11224894 1.10966921 1.10678862 
0.15677416 0.17422125 0.19165771 0.20907822 0.22647749 0.24385021 0.26119109 0.27849485 0.29575621 0.31296993 0.33013075 0.34723344 0.36427280 0.38124365 0.39814079 0.41495911 0.43169345 0.44833874 0.46488990 0.48134189 0.49768970 0.51392834 0.53005288 0.54605839 0.56194001 0.57769290 0.59331225 0.60879331 0.62413137 0.63932175 0.65435982 0.66924101 0.68396078 0.69851465 0.71289819 0.72710700 0.74113677 0.75498323 0.76864214 0.78210936 0.79538078 0.80845236 0.82132011 0.83398012 0.84642853 0.85866155 0.87067545 0.88246658 0.89403133 0.90536619 0.91646771 0.92733250 0.93795726 0.94833874 0.95847379 0.96835932 0.97799232 0.98736985 0.99648905 1.00534715 1.01394146 1.02226934 1.03032827 1.03811580 1.04562954 1.05286721 1.05982660 1.06650560 1.07290218 1.07901437 1.08484033 1.09037827 1.09562651 1.10058345 1.10524758 1.10961748 1.11369181 1.11746935 1.12094893 1.12412950 1.12701009 1.12958982 1.13186790 1.13384365 1.13551645 1.13688580 1.13795128 1.13871258 1.13916944 1.13932175 1.13916944 1.13871258 1.13795128 1.13688580 1.13551645 1.13384365 1.13186790 1.12958982 1.12701009 1.12412950 
0.17407791 0.19152500 0.20896146 0.22638198 0.24378125 0.26115397 0.27849485 0.29579861 0.31305997 0.33027369 0.34743450 0.36453720 0.38157656 0.39854740 0.41544455 0.43226286 0.44899721 0.46564250 0.48219366 0.49864565 0.51499346 0.53123210 0.54735664 0.56336215 0.57924377 0.59499665 0.61061601 0.62609707 0.64143513 0.65662551 0.67166358 0.68654477 0.70126454 0.71581841 0.73020194 0.74441076 0.75844053 0.77228698 0.78594590 0.79941312 0.81268454 0.82575611 0.83862387 0.85128388 0.86373229 0.87596531 0.88797921 0.89977033 0.91133509 0.92266995 0.93377147 0.94463626 0.95526102 0.96564250 0.97577755 0.98566308 0.99529608 1.00467360 1.01379281 1.02265091 1.03124521 1.03957310 1.04763203 1.05541955 1.06293329 1.07017097 1.07713036 1.08380936 1.09020593 1.09631813 1.10214408 1.10768202 1.11293026 1.11788720 1.12255133 1.12692123 1.13099557 1.13477311 1.13825269 1.14143326 1.14431385 1.14689358 1.14917166 1.15114740 1.15282021 1.15418956 1.15525504 1.15601633 1.15647320 1.15662551 1.15647320 1.15601633 1.15525504 1.15418956 1.15282021 1.15114740 1.14917166 1.14689358 1.14431385 1.14143326 
0.19133928 0.20878637 0.22622283 0.24364335 0.26104261 0.27841533 0.29575621 0.31305997 0.33032134 0.34753505 0.36469587 0.38179856 0.39883793 0.41580877 0.43270592 0.44952423 0.46625858 0.48290387 0.49945503 0.51590701 0.53225482 0.54849346 0.56461800 0.58062351 0.59650513 0.61225802 0.62787737 0.64335843 0.65869649 0.67388687 0.68892495 0.70380614 0.71852591 0.73307977 0.74746331 0.76167212 0.77570189 0.78954835 0.80320726 0.81667448 0.82994590 0.84301748 0.85588523 0.86854524 0.88099365 0.89322667 0.90524057 0.91703170 0.92859645 0.93993131 0.95103283 0.96189763 0.97252238 0.98290387 0.99303892 1.00292444 1.01255744 1.02193497 1.03105417 1.03991228 1.04850658 1.05683446 1.06489340 1.07268092 1.08019466 1.08743233 1.09439172 1.10107073 1.10746730 1.11357949 1.11940545 1.12494339 1.13019163 1.13514857 1.13981270 1.14418260 1.14825694 1.15203447 1.15551405 1.15869462 1.16157521 1.16415494 1.16643302 1.16840877 1.17008157 1.17145092 1.17251641 1.17327770 1.17373457 1.17388687 1.17373457 1.17327770 1.17251641 1.17145092 1.17008157 1.16840877 1.16643302 1.16415494 1.16157521 1.15869462 
0.20855299 0.22600008 0.24343654 0.26085706 0.27825633 0.29562905 0.31296993 0.33027369 0.34753505 0.36474876 0.38190958 0.39901227 0.41605164 0.43302248 0.44991963 0.46673794 0.48347229 0.50011758 0.51666874 0.53312073 0.54946853 0.56570718 0.58183171 0.59783723 0.61371885 0.62947173 0.64509108 0.66057215 0.67591020 0.69110058 0.70613866 0.72101985 0.73573962 0.75029349 0.76467702 0.77888584 0.79291561 0.80676206 0.82042098 0.83388819 0.84715961 0.86023119 0.87309894 0.88575895 0.89820737 0.91044038 0.92245429 0.93424541 0.94581016 0.95714503 0.96824655 0.97911134 0.98973609 1.00011758 1.01025263 1.02013816 1.02977115 1.03914868 1.04826788 1.05712599 1.06572029 1.07404818 1.08210711 1.08989463 1.09740837 1.10464604 1.11160544 1.11828444 1.12468101 1.13079320 1.13661916 1.14215710 1.14740534 1.15236228 1.15702641 1.16139631 1.16547065 1.16924818 1.17272777 1.17590834 1.17878892 1.18136865 1.18364674 1.18562248 1.18729528 1.18866463 1.18973012 1.19049141 1.19094828 1.19110058 1.19094828 1.19049141 1.18973012 1.18866463 1.18729528 1.18562248 1.18364674 1.18136865 1.17878892 1.17590834 
0.22571381 0.24316090 0.26059736 0.27801788 0.29541714 0.31278987 0.33013075 0.34743450 0.36469587 0.38190958 0.39907040 0.41617309 0.43321246 0.45018330 0.46708045 0.48389876 0.50063311 0.51727840 0.53382956 0.55028155 0.56662935 0.58286800 0.59899253 0.61499804 0.63087966 0.64663255 0.66225190 0.67773296 0.69307102 0.70826140 0.72329948 0.73818067 0.75290044 0.76745431 0.78183784 0.79604665 0.81007642 0.82392288 0.83758179 0.85104901 0.86432043 0.87739201 0.89025976 0.90291977 0.91536818 0.92760120 0.93961510 0.95140623 0.96297098 0.97430584 0.98540736 0.99627216 1.00689691 1.01727840 1.02741345 1.03729897 1.04693197 1.05630950 1.06542870 1.07428681 1.08288111 1.09120899 1.09926793 1.10705545 1.11456919 1.12180686 1.12876626 1.13544526 1.14184183 1.14795402 1.15377998 1.15931792 1.16456616 1.16952310 1.17418723 1.17855713 1.18263147 1.18640900 1.18988859 1.19306915 1.19594974 1.19852947 1.20080755 1.20278330 1.20445610 1.20582545 1.20689094 1.20765223 1.20810910 1.20826140 1.20810910 1.20765223 1.20689094 1.20582545 1.20445610 1.20278330 1.20080755 1.19852947 1.19594974 1.19306915 
0.24281650 0.26026359 0.27770005 0.29512057 0.31251984 0.32989256 0.34723344 0.36453720 0.38179856 0.39901227 0.41617309 0.43327579 0.45031515 0.46728599 0.48418314 0.50100145 0.51773580 0.53438109 0.55093225 0.56738424 0.58373205 0.59997069 0.61609523 0.63210074 0.64798236 0.66373524 0.67935460 0.69483566 0.71017372 0.72536410 0.74040217 0.75528336 0.77000313 0.78455700 0.79894053 0.81314935 0.82717912 0.84102557 0.85468449 0.86815171 0.88142313 0.89449470 0.90736246 0.92002247 0.93247088 0.94470390 0.95671780 0.96850892 0.98007368 0.99140854 1.00251006 1.01337485 1.02399961 1.03438109 1.04451614 1.05440167 1.06403467 1.07341219 1.08253140 1.09138950 1.09998380 1.10831169 1.11637062 1.12415814 1.13167188 1.13890955 1.14586895 1.15254795 1.15894452 1.16505672 1.17088267 1.17642061 1.18166885 1.18662579 1.19128992 1.19565982 1.19973416 1.20351170 1.20699128 1.21017185 1.21305244 1.21563217 1.21791025 1.21988599 1.22155880 1.22292815 1.22399363 1.22475492 1.22521179 1.22536410 1.22521179 1.22475492 1.22399363 1.22292815 1.22155880 1.21988599 1.21791025 1.21563217 1.21305244 1.21017185 
0.25985587 0.27730296 0.29473942 0.31215993 0.32955920 0.34693192 0.36427280 0.38157656 0.39883793 0.41605164 0.43321246 0.45031515 0.46735452 0.48432536 0.50122251 0.51804082 0.53477517 0.55142046 0.56797162 0.58442360 0.60077141 0.61701005 0.63313459 0.64914010 0.66502172 0.68077461 0.69639396 0.71187502 0.72721308 0.74240346 0.75744154 0.77232273 0.78704250 0.80159636 0.81597990 0.83018871 0.84421848 0.85806494 0.87172385 0.88519107 0.89846249 0.91153407 0.92440182 0.93706183 0.94951024 0.96174326 0.97375716 0.98554829 0.99711304 1.00844790 1.01954942 1.03041421 1.04103897 1.05142046 1.06155551 1.07144103 1.08107403 1.09045156 1.09957076 1.10842886 1.11702317 1.12535105 1.13340998 1.14119751 1.14871125 1.15594892 1.16290831 1.16958732 1.17598389 1.18209608 1.18792204 1.19345998 1.19870822 1.20366516 1.20832929 1.21269919 1.21677353 1.22055106 1.22403064 1.22721121 1.23009180 1.23267153 1.23494961 1.23692536 1.23859816 1.23996751 1.24103300 1.24179429 1.24225116 1.24240346 1.24225116 1.24179429 1.24103300 1.23996751 1.23859816 1.23692536 1.23494961 1.23267153 1.23009180 1.22721121 
0.27682671 0.29427380 0.31171026 0.32913078 0.34653004 0.36390277 0.38124365 0.39854740 0.41580877 0.43302248 0.45018330 0.46728599 0.48432536 0.50129620 0.51819335 0.53501166 0.55174601 0.56839130 0.58494246 0.60139445 0.61774225 0.63398090 0.65010543 0.66611095 0.68199256 0.69774545 0.71336480 0.72884586 0.74418392 0.75937430 0.77441238 0.78929357 0.80401334 0.81856721 0.83295074 0.84715955 0.86118933 0.87503578 0.88869469 0.90216191 0.91543333 0.92850491 0.94137266 0.95403267 0.96648108 0.97871410 0.99072800 1.00251913 1.01408388 1.02541875 1.03652026 1.04738506 1.05800981 1.06839130 1.07852635 1.08841187 1.09804487 1.10742240 1.11654160 1.12539971 1.13399401 1.14232189 1.15038083 1.15816835 1.16568209 1.17291976 1.17987916 1.18655816 1.19295473 1.19906692 1.20489288 1.21043082 1.21567906 1.22063600 1.22530013 1.22967003 1.23374437 1.23752190 1.24100149 1.24418206 1.24706264 1.24964237 1.25192045 1.25389620 1.25556900 1.25693835 1.25800384 1.25876513 1.25922200 1.25937430 1.25922200 1.25876513 1.25800384 1.25693835 1.25556900 1.25389620 1.25192045 1.24964237 1.24706264 1.24418206 
0.29372386 0.31117095 0.32860741 0.34602793 0.36342719 0.38079991 0.39814079 0.41544455 0.43270592 0.44991963 0.46708045 0.48418314 0.50122251 0.51819335 0.53509050 0.55190881 0.56864316 0.58528845 0.60183961 0.61829159 0.63463940 0.65087804 0.66700258 0.68300809 0.69888971 0.71464260 0.73026195 0.74574301 0.76108107 0.77627145 0.79130953 0.80619072 0.82091049 0.83546436 0.84984789 0.86405670 0.87808647 0.89193293 0.90559184 0.91905906 0.93233048 0.94540206 0.95826981 0.97092982 0.98337823 0.99561125 1.00762515 1.01941628 1.03098103 1.04231589 1.05341741 1.06428221 1.07490696 1.08528845 1.09542350 1.10530902 1.11494202 1.12431955 1.13343875 1.14229686 1.15089116 1.15921904 1.16727798 1.17506550 1.18257924 1.18981691 1.19677630 1.20345531 1.20985188 1.21596407 1.22179003 1.22732797 1.23257621 1.23753315 1.24219728 1.24656718 1.25064152 1.25441905 1.25789863 1.26107920 1.26395979 1.26653952 1.26881760 1.27079335 1.27246615 1.27383550 1.27490099 1.27566228 1.27611915 1.27627145 1.27611915 1.27566228 1.27490099 1.27383550 1.27246615 1.27079335 1.26881760 1.26653952 1.26395979 1.26107920 
0.31054217 0.32798926 0.34542572 0.36284624 0.38024551 0.39761823 0.41495911 0.43226286 0.44952423 0.46673794 0.48389876 0.50100145 0.51804082 0.53501166 0.55190881 0.56872712 0.58546147 0.60210676 0.61865792 0.63510991 0.65145771 0.66769636 0.68382089 0.69982641 0.71570802 0.73146091 0.74708026 0.76256133 0.77789938 0.79308976 0.80812784 0.82300903 0.83772880 0.85228267 0.86666620 0.88087501 0.89490479 0.90875124 0.92241015 0.93587737 0.94914879 0.96222037 0.97508812 0.98774813 1.00019654 1.01242956 1.02444346 1.03623459 1.04779934 1.05913421 1.07023572 1.08110052 1.09172527 1.10210676 1.11224181 1.12212733 1.13176033 1.14113786 1.15025706 1.15911517 1.16770947 1.17603736 1.18409629 1.19188381 1.19939755 1.20663522 1.21359462 1.22027362 1.22667019 1.23278238 1.23860834 1.24414628 1.24939452 1.25435146 1.25901559 1.26338549 1.26745983 1.27123736 1.27471695 1.27789752 1.28077810 1.28335783 1.28563591 1.28761166 1.28928446 1.29065381 1.29171930 1.29248059 1.29293746 1.29308976 1.29293746 1.29248059 1.29171930 1.29065381 1.28928446 1.28761166 1.28563591 1.28335783 1.28077810 1.27789752 
0.32727652 0.34472361 0.36216007 0.37958058 0.39697985 0.41435257 0.43169345 0.44899721 0.46625858 0.48347229 0.50063311 0.51773580 0.53477517 0.55174601 0.56864316 0.58546147 0.60219582 0.61884111 0.63539227 0.65184425 0.66819206 0.68443070 0.70055524 0.71656075 0.73244237 0.74819526 0.76381461 0.77929567 0.79463373 0.80982411 0.82486219 0.83974338 0.85446315 0.86901701 0.88340055 0.89760936 0.91163913 0.92548559 0.93914450 0.95261172 0.96588314 0.97895472 0.99182247 1.00448248 1.01693089 1.02916391 1.04117781 1.05296894 1.06453369 1.07586855 1.08697007 1.09783486 1.10845962 1.11884111 1.12897616 1.13886168 1.14849468 1.15787221 1.16699141 1.17584951 1.18444382 1.19277170 1.20083064 1.20861816 1.21613190 1.22336957 1.23032896 1.23700797 1.24340454 1.24951673 1.25534269 1.26088063 1.26612887 1.27108581 1.27574994 1.28011984 1.28419418 1.28797171 1.29145129 1.29463186 1.29751245 1.30009218 1.30237026 1.30434601 1.30601881 1.30738816 1.30845365 1.30921494 1.30967181 1.30982411 1.30967181 1.30921494 1.30845365 1.30738816 1.30601881 1.30434601 1.30237026 1.30009218 1.29751245 1.29463186 
0.34392181 0.36136890 0.37880536 0.39622587 0.41362514 0.43099786 0.44833874 0.46564250 0.48290387 0.50011758 0.51727840 0.53438109 0.55142046 0.56839130 0.58528845 0.60210676 0.61884111 0.63548640 0.65203756 0.66848954 0.68483735 0.70107599 0.71720053 0.73320604 0.74908766 0.76484055 0.78045990 0.79594096 0.81127902 0.82646940 0.84150748 0.85638867 0.87110844 0.88566230 0.90004584 0.91425465 0.92828442 0.94213088 0.95578979 0.96925701 0.98252843 0.99560001 1.00846776 1.02112777 1.03357618 1.04580920 1.05782310 1.06961423 1.08117898 1.09251384 1.10361536 1.11448015 1.12510491 1.13548640 1.14562145 1.15550697 1.16513997 1.17451750 1.18363670 1.19249480 1.20108911 1.20941699 1.21747593 1.22526345 1.23277719 1.24001486 1.24697425 1.25365326 1.26004983 1.26616202 1.27198798 1.27752592 1.28277416 1.28773110 1.29239523 1.29676513 1.30083947 1.30461700 1.30809658 1.31127715 1.31415774 1.31673747 1.31901555 1.32099130 1.32266410 1.32403345 1.32509894 1.32586023 1.32631710 1.32646940 1.32631710 1.32586023 1.32509894 1.32403345 1.32266410 1.32099130 1.31901555 1.31673747 1.31415774 1.31127715 
0.36047297 0.37792006 0.39535652 0.41277703 0.43017630 0.44754902 0.46488990 0.48219366 0.49945503 0.51666874 0.53382956 0.55093225 0.56797162 0.58494246 0.60183961 0.61865792 0.63539227 0.65203756 0.66858872 0.68504070 0.70138851 0.71762715 0.73375169 0.74975720 0.76563882 0.78139171 0.79701106 0.81249212 0.82783018 0.84302056 0.85805864 0.87293983 0.88765960 0.90221346 0.91659700 0.93080581 0.94483558 0.95868204 0.97234095 0.98580817 0.99907959 1.01215117 1.02501892 1.03767893 1.05012734 1.06236036 1.07437426 1.08616539 1.09773014 1.10906500 1.12016652 1.13103131 1.14165607 1.15203756 1.16217261 1.17205813 1.18169113 1.19106866 1.20018786 1.20904596 1.21764027 1.22596815 1.23402709 1.24181461 1.24932835 1.25656602 1.26352541 1.27020442 1.27660099 1.28271318 1.28853914 1.29407708 1.29932532 1.30428226 1.30894639 1.31331629 1.31739063 1.32116816 1.32464774 1.32782831 1.33070890 1.33328863 1.33556671 1.33754246 1.33921526 1.34058461 1.34165010 1.34241139 1.34286826 1.34302056 1.34286826 1.34241139 1.34165010 1.34058461 1.33921526 1.33754246 1.33556671 1.33328863 1.33070890 1.32782831 
0.37692496 0.39437205 0.41180851 0.42922902 0.44662829 0.46400101 0.48134189 0.49864565 0.51590701 0.53312073 0.55028155 0.56738424 0.58442360 0.60139445 0.61829159 0.63510991 0.65184425 0.66848954 0.68504070 0.70149269 0.71784050 0.73407914 0.75020368 0.76620919 0.78209081 0.79784370 0.81346305 0.82894411 0.84428217 0.85947255 0.87451062 0.88939181 0.90411158 0.91866545 0.93304899 0.94725780 0.96128757 0.97513403 0.98879294 1.00226016 1.01553158 1.02860316 1.04147091 1.05413092 1.06657933 1.07881235 1.09082625 1.10261738 1.11418213 1.12551699 1.13661851 1.14748330 1.15810806 1.16848954 1.17862459 1.18851012 1.19814312 1.20752065 1.21663985 1.22549795 1.23409226 1.24242014 1.25047907 1.25826660 1.26578034 1.27301801 1.27997740 1.28665640 1.29305298 1.29916517 1.30499113 1.31052907 1.31577731 1.32073425 1.32539838 1.32976828 1.33384261 1.33762015 1.34109973 1.34428030 1.34716089 1.34974062 1.35201870 1.35399445 1.35566725 1.35703660 1.35810208 1.35886338 1.35932024 1.35947255 1.35932024 1.35886338 1.35810208 1.35703660 1.35566725 1.35399445 1.35201870 1.34974062 1.34716089 1.34428030 
0.39327276 0.41071985 0.42815631 0.44557683 0.46297610 0.48034882 0.49768970 0.51499346 0.53225482 0.54946853 0.56662935 0.58373205 0.60077141 0.61774225 0.63463940 0.65145771 0.66819206 0.68483735 0.70138851 0.71784050 0.73418831 0.75042695 0.76655148 0.78255700 0.79843862 0.81419150 0.82981086 0.84529192 0.86062998 0.87582036 0.89085843 0.90573962 0.92045939 0.93501326 0.94939679 0.96360561 0.97763538 0.99148183 1.00514075 1.01860797 1.03187938 1.04495096 1.05781872 1.07047873 1.08292714 1.09516016 1.10717406 1.11896518 1.13052994 1.14186480 1.15296632 1.16383111 1.17445587 1.18483735 1.19497240 1.20485793 1.21449092 1.22386845 1.23298766 1.24184576 1.25044006 1.25876795 1.26682688 1.27461440 1.28212814 1.28936581 1.29632521 1.30300421 1.30940078 1.31551298 1.32133893 1.32687687 1.33212511 1.33708205 1.34174618 1.34611608 1.35019042 1.35396796 1.35744754 1.36062811 1.36350870 1.36608842 1.36836651 1.37034225 1.37201505 1.37338441 1.37444989 1.37521118 1.37566805 1.37582036 1.37566805 1.37521118 1.37444989 1.37338441 1.37201505 1.37034225 1.36836651 1.36608842 1.36350870 1.36062811 
0.40951141 0.42695850 0.44439496 0.46181547 0.47921474 0.49658746 0.51392834 0.53123210 0.54849346 0.56570718 0.58286800 0.59997069 0.61701005 0.63398090 0.65087804 0.66769636 0.68443070 0.70107599 0.71762715 0.73407914 0.75042695 0.76666559 0.78279013 0.79879564 0.81467726 0.83043015 0.84604950 0.86153056 0.87686862 0.89205900 0.90709707 0.92197826 0.93669803 0.95125190 0.96563544 0.97984425 0.99387402 1.00772048 1.02137939 1.03484661 1.04811803 1.06118961 1.07405736 1.08671737 1.09916578 1.11139880 1.12341270 1.13520383 1.14676858 1.15810344 1.16920496 1.18006975 1.19069451 1.20107599 1.21121104 1.22109657 1.23072957 1.24010710 1.24922630 1.25808440 1.26667871 1.27500659 1.28306552 1.29085305 1.29836679 1.30560446 1.31256385 1.31924285 1.32563943 1.33175162 1.33757758 1.34311552 1.34836376 1.35332070 1.35798483 1.36235473 1.36642906 1.37020660 1.37368618 1.37686675 1.37974734 1.38232707 1.38460515 1.38658090 1.38825370 1.38962305 1.39068853 1.39144983 1.39190670 1.39205900 1.39190670 1.39144983 1.39068853 1.38962305 1.38825370 1.38658090 1.38460515 1.38232707 1.37974734 1.37686675 
0.42563594 0.44308303 0.46051949 0.47794001 0.49533928 0.51271200 0.53005288 0.54735664 0.56461800 0.58183171 0.59899253 0.61609523 0.63313459 0.65010543 0.66700258 0.68382089 0.70055524 0.71720053 0.73375169 0.75020368 0.76655148 0.78279013 0.79891466 0.81492018 0.83080180 0.84655468 0.86217403 0.87765510 0.89299316 0.90818353 0.92322161 0.93810280 0.95282257 0.96737644 0.98175997 0.99596879 1.00999856 1.02384501 1.03750393 1.05097114 1.06424256 1.07731414 1.09018189 1.10284191 1.11529032 1.12752334 1.13953724 1.15132836 1.16289312 1.17422798 1.18532950 1.19619429 1.20681904 1.21720053 1.22733558 1.23722111 1.24685410 1.25623163 1.26535084 1.27420894 1.28280324 1.29113113 1.29919006 1.30697758 1.31449132 1.32172899 1.32868839 1.33536739 1.34176396 1.34787616 1.35370211 1.35924005 1.36448829 1.36944523 1.37410936 1.37847926 1.38255360 1.38633114 1.38981072 1.39299129 1.39587188 1.39845160 1.40072969 1.40270543 1.40437823 1.40574759 1.40681307 1.40757436 1.40803123 1.40818353 1.40803123 1.40757436 1.40681307 1.40574759 1.40437823 1.40270543 1.40072969 1.39845160 1.39587188 1.39299129 
0.44164146 0.45908855 0.47652501 0.49394552 0.51134479 0.52871751 0.54605839 0.56336215 0.58062351 0.59783723 0.61499804 0.63210074 0.64914010 0.66611095 0.68300809 0.69982641 0.71656075 0.73320604 0.74975720 0.76620919 0.78255700 0.79879564 0.81492018 0.83092569 0.84680731 0.86256020 0.87817955 0.89366061 0.90899867 0.92418905 0.93922712 0.95410831 0.96882808 0.98338195 0.99776549 1.01197430 1.02600407 1.03985052 1.05350944 1.06697666 1.08024808 1.09331966 1.10618741 1.11884742 1.13129583 1.14352885 1.15554275 1.16733387 1.17889863 1.19023349 1.20133501 1.21219980 1.22282456 1.23320604 1.24334109 1.25322662 1.26285962 1.27223715 1.28135635 1.29021445 1.29880876 1.30713664 1.31519557 1.32298310 1.33049684 1.33773451 1.34469390 1.35137290 1.35776948 1.36388167 1.36970763 1.37524557 1.38049381 1.38545075 1.39011488 1.39448478 1.39855911 1.40233665 1.40581623 1.40899680 1.41187739 1.41445712 1.41673520 1.41871094 1.42038375 1.42175310 1.42281858 1.42357988 1.42403674 1.42418905 1.42403674 1.42357988 1.42281858 1.42175310 1.42038375 1.41871094 1.41673520 1.41445712 1.41187739 1.40899680 
0.45752307 0.47497016 0.49240662 0.50982714 0.52722641 0.54459913 0.56194001 0.57924377 0.59650513 0.61371885 0.63087966 0.64798236 0.66502172 0.68199256 0.69888971 0.71570802 0.73244237 0.74908766 0.76563882 0.78209081 0.79843862 0.81467726 0.83080180 0.84680731 0.86268893 0.87844181 0.89406117 0.90954223 0.92488029 0.94007067 0.95510874 0.96998993 0.98470970 0.99926357 1.01364710 1.02785592 1.04188569 1.05573214 1.06939106 1.08285828 1.09612970 1.10920127 1.12206903 1.13472904 1.14717745 1.15941047 1.17142437 1.18321549 1.19478025 1.20611511 1.21721663 1.22808142 1.23870618 1.24908766 1.25922271 1.26910824 1.27874124 1.28811876 1.29723797 1.30609607 1.31469038 1.32301826 1.33107719 1.33886471 1.34637846 1.35361613 1.36057552 1.36725452 1.37365109 1.37976329 1.38558924 1.39112718 1.39637542 1.40133236 1.40599649 1.41036639 1.41444073 1.41821827 1.42169785 1.42487842 1.42775901 1.43033874 1.43261682 1.43459256 1.43626537 1.43763472 1.43870020 1.43946150 1.43991836 1.44007067 1.43991836 1.43946150 1.43870020 1.43763472 1.43626537 1.43459256 1.43261682 1.43033874 1.42775901 1.42487842 
